2557.0750
2723.6000
2873.1250
3003.7500
3120.5750
3231.5750
3332.0250
3423.6500
3508.9250
3586.9750
3660.6000
3734.0250
3806.0250
3876.2750
3946.0750
4016.0000
4084.6000
4151.9500
4218.4000
4283.6250
4347.6500
4411.2750
4474.3500
4535.9250
4598.9750
4659.3250
4720.0250
4779.6000
4838.4750
4897.0250
4955.1750
5012.0750
5068.2250
5124.5500
5181.1750
5236.6750
5292.1250
5345.0500
5399.0500
5453.4250
5506.0500
5560.3250
5614.6250
5665.3000
5717.2750
5768.9500
5821.1000
5872.5750
5923.7500
5974.4250
6025.5250
6076.3500
6126.8500
6177.4750
6226.5250
6275.7250
6325.2000
6374.7500
6423.9500
6472.5750
6521.4750
6570.3000
6617.9500
6665.7750
6714.5500
6762.0500
6809.3750
6856.6750
6905.1500
6951.5500
6999.2500
7045.3750
7092.3000
7138.7000
7184.2750
7231.3750
7276.9000
7323.2750
7369.9000
7415.9250
7460.0250
7506.0000
7551.6500
7596.2250
7640.5500
7686.5000
7730.7500
7775.4500
7819.7750
7863.0250
7907.9000
7951.9250
7995.4250
8039.0000
8084.3250
8126.3250
8170.3500
8213.4500
8256.3750
8300.2500
8341.6250
8385.2250
8428.2250
8470.1250
8513.0250
8556.1500
8598.5250
8641.9750
8683.9250
8727.0000
8768.1750
8810.3750
8851.8750
8894.8500
8935.7500
8978.1500
9020.0750
9060.6500
9102.6500
9143.2250
9185.3250
9225.7750
9266.7750
9308.6000
9350.0000
9390.4000
9431.1500
9472.2250
9513.6000
9553.2250
9592.9000
9633.3500
9674.3750
9715.3000
9755.2250
9794.8500
9834.9000
9875.2250
9914.8500
9954.3000
9994.9500
10034.2250
10073.2000
10113.6000
10152.4000
10191.4500
10231.7500
10271.1500
10309.7500
10349.4000
10389.0750
10427.3750
10467.7500
10506.4000
10545.4250
10583.7000
10622.1250
10661.7500
10700.5250
10739.4000
10778.3250
10816.7750
10854.7000
10894.1250
10930.8250
10969.0000
11008.9750
11047.6250
11085.6750
11123.9500
11162.1250
11201.0750
11240.3750
11278.9250
11317.7750
11355.9500
11394.9500
11433.9500
11473.6250
11511.3250
11550.4500
11588.7000
11629.1750
11668.8750
11708.3500
11747.3250
11786.9750
11824.7750
11864.8750
11905.1000
11944.4250
11984.4250
12023.4500
12063.6750
12102.6000
12143.4500
12182.7000
12225.0000
12264.4500
12304.5750
12345.9750
12387.5250
12428.4500
12468.8250
12510.5500
12550.5500
12592.1750
12633.8750
12675.4500
12716.1500
12757.4250
12798.0250
12840.8750
12883.5500
12924.6500
12964.5500
13006.5750
13049.0000
13090.9000
13133.2250
13175.5500
13219.1750
13260.4250
13303.5250
13345.9250
13388.7250
13431.8250
13474.6750
13517.2500
13560.2000
13602.9250
13645.0000
13688.2250
13731.8500
13776.2000
13819.3250
13863.2250
13907.2250
13950.9250
13996.0750
14039.8750
14084.2000
14128.5250
14173.1750
14216.9750
14262.0500
14307.0250
14352.0250
14397.0250
14441.6500
14487.9500
14533.7750
14579.8250
14625.3750
14671.9250
14716.8250
14764.4000
14809.9500
14856.1250
14902.7750
14949.9500
14997.3250
15043.7750
15091.5500
15137.7000
15185.7000
15233.8250
15281.3750
15329.8000
15378.5000
15426.4750
15475.6000
15524.4000
15572.7000
15621.6250
15670.4500
15720.8250
15769.7500
15819.8750
15870.1000
15920.3750
15971.7000
16022.3750
16073.8250
16124.7000
16176.3500
16227.7000
16280.1500
16333.9750
16385.8500
16439.3750
16493.1500
16546.5750
16600.8750
16655.1250
16709.1000
16764.2000
16820.1000
16876.4000
16933.3250
16989.0000
17046.4750
17104.1000
17161.9000
17220.6250
17278.9000
17338.6250
17398.3250
17459.2750
17520.2000
17581.8000
17645.0750
17707.7000
17771.5250
17836.2750
17903.0500
17968.9000
18037.1250
18105.5250
18175.0750
18245.3750
18317.7500
18391.3000
18466.1500
18542.2500
18620.2750
18698.4750
18778.6250
18859.7500
18942.5000
19026.9250
19112.7750
19200.6500
19294.3250
19389.1250
19489.1750
19593.4500
19709.6250
19859.0750

