3797.0000
3917.0250
4018.3500
4113.0000
4204.2000
4289.6750
4373.3000
4457.2750
4540.3250
4620.1000
4700.9500
4778.9750
4855.2000
4931.1250
5006.9500
5079.2000
5152.0500
5223.6250
5292.9500
5361.2750
5429.2250
5498.3750
5564.0750
5629.6000
5694.0750
5759.2500
5822.6250
5885.4000
5946.9500
6007.7500
6069.4000
6129.4750
6190.5000
6249.8250
6308.4750
6366.6750
6426.3500
6483.8000
6540.6750
6597.1250
6653.0000
6708.9000
6764.3000
6820.2000
6874.9500
6929.3250
6983.2750
7038.5250
7092.5500
7146.0000
7199.9000
7252.8250
7307.2500
7360.1250
7412.3000
7465.0250
7516.5250
7568.4250
7618.7000
7670.7250
7721.8250
7771.9500
7823.4750
7873.8000
7925.1500
7975.6500
8024.6250
8074.4750
8124.5750
8173.9000
8224.9250
8272.6500
8322.1000
8370.0000
8419.4500
8467.0750
8514.5250
8564.1250
8611.5250
8659.4750
8707.1500
8753.6500
8800.3500
8847.2500
8893.7750
8941.0250
8986.4000
9033.6000
9080.0000
9125.7750
9171.8750
9217.7250
9263.6000
9309.8250
9354.9500
9400.6500
9445.2500
9491.2750
9536.3000
9582.6250
9625.9500
9671.0500
9716.6750
9761.7250
9805.9750
9850.9000
9894.5750
9939.6250
9982.7500
10026.3000
10070.4000
10113.5750
10157.8750
10200.9750
10245.3500
10288.6750
10331.6500
10375.9750
10418.9500
10462.0250
10504.3000
10547.9250
10591.0500
10633.6750
10675.8000
10718.7000
10760.9750
10802.4000
10845.9000
10888.3750
10930.8250
10972.8750
11015.2500
11058.4750
11100.8000
11142.1750
11184.6500
11227.0750
11270.3250
11312.8750
11356.4250
11398.2500
11441.7750
11484.4000
11528.8750
11571.2500
11614.5000
11659.8000
11702.8000
11746.9000
11791.1750
11835.0500
11878.5750
11922.7250
11966.9750
12011.0000
12055.6000
12099.5750
12144.7250
12189.4500
12234.9500
12279.7500
12325.9750
12370.2500
12414.7000
12461.3500
12506.1250
12550.7750
12596.9000
12643.1000
12689.2250
12735.3750
12781.5750
12828.7500
12873.9000
12919.7750
12966.7000
13013.8500
13059.9250
13107.4750
13154.9500
13203.7500
13250.1000
13298.1000
13345.8250
13393.9750
13442.8000
13490.2000
13539.5250
13587.5250
13636.0750
13685.4750
13734.5500
13784.4250
13833.1000
13882.0000
13932.4750
13982.5500
14031.7750
14082.9500
14133.4000
14184.2500
14235.4500
14286.0000
14337.0250
14389.2500
14440.5750
14493.0000
14545.0500
14597.6000
14650.6250
14703.4750
14756.0250
14808.6250
14863.6750
14918.3000
14971.8500
15025.2000
15080.6000
15135.8250
15191.4250
15246.9250
15303.3250
15360.0500
15416.7250
15474.0750
15532.3750
15590.9250
15649.5500
15707.4250
15768.2000
15828.3750
15888.6250
15948.9250
16010.8500
16073.2750
16136.3500
16199.4250
16263.2750
16327.0500
16392.7250
16459.2250
16526.3250
16594.4750
16661.4500
16732.3750
16800.2000
16871.9000
16944.5750
17017.0500
17092.2750
17167.7750
17244.4750
17325.0000
17405.9250
17489.2000
17574.8000
17661.7000
17750.2500
17842.2500
17936.4500
18035.3000
18135.7000
18248.8500
18366.5000
18498.2500
18670.5000
18931.5750

