4910.0500
5017.7000
5115.6750
5215.1750
5313.5750
5410.6750
5505.7500
5597.9500
5687.4750
5777.5750
5859.6750
5941.7750
6020.6250
6101.3500
6180.1250
6256.7250
6330.1250
6403.5500
6475.6000
6545.9250
6613.5250
6681.1250
6750.1750
6817.8000
6883.9000
6948.7250
7014.9000
7079.9250
7143.2250
7207.7750
7270.2250
7332.0000
7394.2500
7456.2000
7516.5250
7576.8500
7636.6750
7695.7750
7754.8750
7812.7250
7870.1250
7927.8000
7984.8250
8041.8000
8098.9750
8155.4750
8210.5250
8265.7000
8321.8250
8377.4000
8432.3000
8486.3250
8539.9500
8594.4250
8647.5000
8700.4500
8752.4750
8805.9500
8858.4000
8910.5750
8962.9750
9015.2250
9066.5750
9117.6500
9168.4500
9220.2000
9270.5500
9320.7500
9370.8250
9422.0000
9472.3500
9521.6000
9571.6250
9621.1750
9670.6250
9720.5500
9770.0750
9818.1750
9868.1000
9916.7000
9964.7000
10012.5250
10061.4500
10108.2000
10157.0000
10204.6500
10252.4750
10299.5750
10346.4500
10394.2250
10441.5500
10487.3750
10534.0000
10580.9000
10627.5750
10673.7750
10719.2000
10765.7750
10811.7000
10857.8250
10904.5750
10950.2750
10996.1250
11040.9750
11085.6000
11132.4750
11178.4000
11223.8250
11270.2500
11315.3250
11362.7500
11409.9000
11456.8500
11504.5500
11550.7750
11597.3750
11644.8500
11691.4500
11738.3750
11786.1000
11833.7500
11882.4250
11930.1250
11979.1000
12026.7750
12076.1750
12125.4000
12173.4000
12222.8250
12271.6750
12321.3250
12372.1000
12422.6500
12473.0750
12522.5500
12573.3000
12623.4250
12673.1750
12725.0750
12774.7000
12825.6000
12879.0750
12930.3750
12981.9250
13033.8750
13086.2750
13139.3250
13192.3750
13245.3000
13298.6750
13353.2000
13407.3750
13462.3250
13517.2000
13570.4000
13626.6250
13681.4250
13737.7000
13792.9500
13849.1250
13904.7500
13961.5000
14019.2750
14077.2500
14134.6750
14192.9500
14251.3750
14311.2000
14372.4750
14432.1250
14493.4750
14553.3250
14615.4750
14677.9500
14741.4000
14804.9000
14869.5500
14934.6250
14999.3250
15064.0500
15131.5750
15198.1000
15266.8500
15336.0000
15406.5000
15477.7750
15550.1500
15623.1250
15696.4500
15772.4500
15849.2500
15927.4750
16008.9500
16089.7750
16177.6500
16263.9250
16355.4750
16448.0750
16542.0000
16645.0750
16748.3000
16860.9250
16981.9250
17110.2000
17267.2500
17445.4750
17747.3000

