3146.3000
3283.1500
3403.4750
3516.6000
3616.2000
3709.3500
3795.4750
3877.3000
3956.5500
4035.2250
4110.3500
4186.6500
4261.7750
4335.7500
4409.1000
4480.3750
4551.7750
4620.5500
4690.3250
4757.7000
4824.3750
4890.5500
4956.1500
5020.8000
5085.5500
5148.7000
5210.5500
5273.0250
5334.3750
5395.4750
5454.4250
5514.0750
5572.8250
5630.7000
5688.4750
5745.1000
5802.1500
5859.0750
5914.6000
5971.6000
6026.9250
6080.8750
6136.0250
6190.5250
6244.7000
6298.4500
6352.5250
6404.7750
6457.7250
6510.6000
6563.1500
6615.1250
6666.7750
6717.6250
6769.5500
6820.4500
6871.6750
6922.3000
6972.5500
7022.5500
7073.5250
7122.9500
7172.9250
7222.8250
7271.0750
7321.0500
7370.2500
7418.8000
7467.4250
7515.3000
7564.2500
7611.8750
7660.3750
7708.0750
7755.9750
7803.1250
7851.1000
7897.8750
7944.7500
7992.3000
8038.4250
8085.3500
8132.5750
8178.1500
8224.7000
8269.5750
8315.4750
8361.2250
8406.6500
8452.2750
8497.0750
8541.6250
8586.2000
8631.5500
8677.1500
8721.3500
8766.7500
8811.7250
8856.0250
8899.9500
8944.2500
8989.5250
9032.8750
9077.1000
9121.4250
9165.3250
9208.8000
9253.1250
9296.4250
9339.8500
9382.6750
9425.9250
9469.4250
9511.7750
9553.6000
9597.4000
9639.7250
9682.2750
9725.2000
9766.7250
9809.4500
9851.5250
9894.1750
9935.8500
9977.4250
10019.5750
10061.3750
10103.7500
10145.3500
10188.1250
10229.4000
10271.2750
10312.5500
10353.8750
10394.8500
10435.9500
10478.0750
10519.1750
10560.2500
10600.6500
10640.8500
10680.5500
10720.8750
10761.9750
10802.6250
10842.3250
10882.8250
10923.2500
10962.9500
11003.9250
11044.5000
11084.7500
11125.6250
11164.4000
11205.6500
11243.7000
11285.5000
11326.3500
11366.1250
11407.4000
11448.0500
11490.1000
11531.0000
11572.3250
11614.1750
11656.1000
11697.7250
11738.9500
11781.7000
11822.2750
11865.1250
11906.3750
11948.1500
11990.5750
12033.4000
12075.6750
12118.3250
12160.4000
12203.6000
12246.9750
12289.9250
12332.6500
12375.8750
12418.2500
12461.4250
12504.7750
12548.0000
12591.1250
12634.5250
12677.8500
12721.9500
12765.2750
12808.9250
12854.0750
12897.6500
12941.0250
12986.0000
13028.9750
13074.4000
13119.1000
13164.5250
13208.7750
13253.2500
13298.5500
13342.9000
13387.9750
13433.8250
13479.4500
13524.8000
13571.5500
13617.7500
13662.9250
13708.9000
13755.5500
13800.8250
13848.3000
13894.9250
13941.3250
13988.4750
14035.9250
14083.3250
14129.7750
14178.1500
14225.9500
14272.8000
14321.3500
14370.1500
14417.9500
14466.5000
14515.4750
14564.7250
14614.2000
14663.0000
14712.3000
14761.6750
14812.3250
14863.6500
14913.2750
14964.1500
15013.9000
15065.3500
15116.3750
15167.1750
15219.0500
15270.2500
15323.1750
15374.1750
15426.9000
15479.6000
15532.2500
15586.7000
15639.6000
15692.1500
15746.9000
15800.6250
15855.6000
15910.4000
15965.8000
16020.3500
16076.6750
16132.2500
16189.0250
16245.5500
16302.5500
16360.3750
16417.9500
16476.1750
16535.9500
16595.2500
16655.8000
16716.2250
16777.7500
16839.6500
16902.8000
16966.4000
17030.3250
17095.2750
17160.3000
17227.5250
17294.9500
17362.5000
17431.9250
17501.8750
17572.7250
17644.6250
17717.7750
17792.3500
17868.6000
17946.4000
18025.5250
18103.7000
18185.9750
18270.3000
18356.8500
18444.4250
18534.1750
18627.3500
18724.7250
18828.4000
18936.4000
19051.4500
19184.1000
19405.8500

