2773.4250
2924.7750
3065.9250
3191.3250
3303.4500
3407.3500
3504.6250
3591.5750
3672.7250
3750.4000
3825.2500
3899.2750
3970.9500
4041.7250
4112.7000
4182.6000
4251.5000
4319.4250
4387.7000
4454.2250
4518.8250
4583.3000
4646.8750
4709.5750
4771.5750
4833.0250
4894.3250
4954.7750
5014.2500
5072.5750
5130.5500
5188.0500
5245.8500
5302.6750
5359.0250
5415.7500
5470.5500
5525.9000
5580.8500
5634.6250
5688.8500
5742.4250
5795.6500
5848.8500
5902.1000
5954.9500
6006.5750
6058.2500
6110.2250
6161.2500
6213.0500
6265.4000
6315.3500
6365.7250
6417.0000
6467.5750
6518.4000
6567.1250
6616.6750
6665.1500
6713.5750
6762.5500
6811.0750
6859.8250
6908.5750
6956.9250
7005.0750
7052.5250
7099.8750
7147.6750
7195.2500
7241.9250
7288.8500
7336.0000
7383.0000
7429.7250
7475.9000
7521.8000
7567.8000
7613.5000
7659.0750
7705.5250
7751.1000
7795.7500
7841.4250
7886.0750
7931.0000
7976.4250
8020.8000
8065.6500
8110.5000
8154.5750
8198.8500
8243.2000
8287.0500
8331.7250
8375.2000
8420.0000
8463.1750
8506.8500
8550.7000
8593.9250
8637.2000
8680.3500
8722.7500
8766.4000
8808.3500
8851.9250
8894.6500
8938.6000
8980.8500
9022.7250
9065.7250
9108.1750
9150.1250
9192.1500
9234.3750
9276.4750
9318.4750
9359.4750
9401.8750
9443.8000
9486.4500
9527.7750
9569.4750
9610.8500
9651.0000
9692.5750
9733.1250
9774.9000
9815.3250
9855.8750
9896.7500
9937.4250
9977.2250
10019.3000
10060.0500
10099.9250
10139.3500
10180.6500
10220.4250
10261.2000
10301.4000
10340.3500
10380.2000
10420.5000
10460.3750
10499.4750
10539.7750
10578.6250
10618.5000
10658.3750
10698.4750
10737.1750
10775.5500
10814.9750
10854.7750
10893.7000
10932.2750
10971.1500
11009.4000
11049.1000
11088.2250
11127.4500
11167.1000
11206.5500
11246.5750
11286.3500
11325.2500
11364.9500
11404.6500
11444.7500
11484.8500
11524.2500
11564.6750
11604.3500
11644.6500
11684.2250
11724.8250
11765.1000
11804.8750
11845.5250
11884.9000
11925.7750
11966.3500
12007.0500
12047.8500
12087.8250
12129.3250
12169.1000
12210.4000
12251.0000
12292.6250
12334.4750
12374.6500
12415.9250
12458.8000
12500.1000
12541.7500
12582.4000
12624.9250
12666.0750
12708.1500
12750.4500
12792.8500
12835.3500
12877.3500
12920.6250
12962.3000
13005.8250
13048.6500
13092.5250
13135.5250
13178.8250
13222.3500
13265.3500
13308.9500
13352.4500
13394.8750
13439.5500
13483.1500
13527.4500
13570.7000
13614.8500
13659.5500
13703.3750
13748.4000
13792.3500
13836.5250
13881.1250
13926.6750
13970.7750
14015.6250
14061.6000
14107.2250
14152.2000
14197.9250
14243.5000
14288.6000
14334.0500
14381.1000
14427.4750
14473.5000
14519.9750
14566.0500
14613.2500
14660.0500
14707.5750
14754.3250
14801.4750
14849.0500
14896.1250
14944.6500
14993.2750
15040.9000
15090.1250
15139.0000
15188.2500
15237.1000
15285.8000
15335.1000
15383.9500
15433.9750
15484.4750
15534.8250
15584.1500
15635.8750
15686.7000
15737.1750
15788.9750
15839.4500
15890.5750
15943.0750
15994.9250
16047.2250
16099.8500
16153.4250
16206.2250
16261.0000
16315.4250
16369.3000
16425.0750
16479.8000
16534.5250
16590.0750
16646.7250
16702.8250
16759.0500
16817.2000
16873.9750
16932.7500
16991.7250
17050.5500
17109.7000
17169.2000
17231.0500
17291.8250
17353.9000
17416.8000
17480.1000
17544.5250
17609.2500
17675.0000
17741.9000
17809.3500
17878.6250
17947.6250
18017.7750
18089.4750
18162.5500
18236.4500
18311.1500
18388.4500
18467.8750
18547.2750
18628.1500
18710.8500
18796.1500
18882.4000
18970.5500
19061.9500
19156.6750
19256.7250
19362.9250
19476.7000
19608.8250

