5660.2000
5777.6000
5893.7250
6011.3250
6121.3250
6234.0500
6336.2000
6434.3000
6528.1750
6618.7250
6705.5000
6792.5250
6875.3250
6955.0750
7033.6000
7109.8750
7186.6500
7260.6000
7332.3250
7404.8750
7475.7500
7547.3250
7614.3750
7683.4500
7750.8000
7818.4750
7884.6500
7948.3000
8013.1750
8078.9500
8142.2000
8204.6000
8268.4000
8330.2500
8392.4000
8452.5500
8513.3750
8572.4750
8630.6750
8690.2750
8748.1000
8805.1750
8863.0750
8921.3750
8978.8750
9034.6000
9091.4000
9145.9750
9202.2250
9258.3000
9312.2500
9367.4250
9421.8500
9476.4750
9530.9000
9583.0500
9637.3500
9690.1500
9744.0500
9798.8250
9850.4250
9902.5750
9955.9250
10007.5250
10060.1000
10112.0500
10163.4000
10215.5250
10266.1500
10316.2250
10366.9500
10417.7500
10467.3000
10516.6500
10567.3000
10617.5500
10665.4250
10713.8500
10763.4750
10812.1500
10860.6000
10909.4500
10956.9500
11004.8250
11053.9250
11102.3750
11150.8000
11199.4000
11248.9500
11298.9000
11348.4750
11398.1000
11447.7000
11498.1250
11548.2750
11598.4250
11648.5500
11699.4000
11749.5750
11800.7500
11850.7250
11902.3250
11954.0000
12005.8000
12059.3000
12111.8750
12164.3250
12216.7000
12270.0000
12324.7500
12378.6500
12432.3500
12486.2750
12540.2750
12595.4000
12650.1250
12705.7000
12762.3250
12818.6250
12875.4000
12932.8750
12989.3000
13045.0750
13103.1750
13161.7000
13220.1750
13280.4000
13338.4750
13398.0500
13458.2250
13520.3250
13580.5000
13643.5000
13704.8750
13767.5500
13833.0250
13895.0250
13960.2250
14027.2500
14091.6250
14157.9500
14226.5750
14295.7500
14364.0250
14434.8500
14505.6250
14577.7750
14651.9250
14726.7500
14803.7000
14881.8000
14962.7500
15042.7000
15128.1250
15215.9000
15306.0250
15397.8750
15489.5000
15590.0000
15698.7750
15808.2750
15928.2750
16058.1000
16207.1000
16372.0500
16678.7750

