3562.9500
3688.4500
3797.4750
3894.9250
3984.4750
4074.2000
4158.1250
4241.4750
4324.5750
4405.0750
4484.6750
4562.5500
4638.2500
4713.5500
4788.9250
4861.4000
4934.3500
5004.4750
5074.8000
5143.3750
5211.3000
5277.6750
5344.6250
5410.4750
5475.1250
5538.8250
5601.8250
5664.5000
5726.3750
5787.7750
5849.2750
5908.4750
5968.5000
6027.6750
6086.7250
6144.1750
6201.9000
6259.7500
6317.2500
6374.1000
6430.5750
6486.2000
6541.8250
6595.9250
6651.2000
6704.8000
6759.4500
6812.5000
6866.1250
6919.8250
6973.6750
7026.4750
7078.3000
7131.3750
7183.5250
7235.4500
7287.2750
7338.2000
7389.5250
7439.8500
7491.0000
7540.6250
7591.8500
7642.8250
7692.7750
7742.6250
7792.3500
7842.2000
7890.4500
7939.7000
7988.0000
8036.6500
8086.2750
8133.0500
8182.6500
8229.6500
8277.3500
8324.4500
8372.7250
8420.2000
8467.6000
8514.7750
8562.1500
8608.1500
8656.1000
8701.9750
8748.6250
8794.6500
8841.3500
8887.5500
8933.9000
8978.8500
9025.2750
9070.8000
9115.9000
9160.5500
9205.3250
9250.9000
9294.7500
9340.4000
9386.0000
9429.6250
9475.4000
9519.7000
9565.1000
9609.3750
9653.1500
9697.0000
9741.7750
9784.7750
9828.3500
9872.0250
9916.3750
9959.8750
10003.5500
10047.8000
10090.7750
10133.4750
10177.7750
10221.1000
10263.2000
10306.3500
10349.1750
10390.6500
10433.3500
10476.3750
10518.6250
10561.0750
10603.5250
10645.4250
10687.9000
10729.5500
10771.5250
10812.5250
10854.6500
10897.2750
10937.6500
10980.4500
11022.6750
11064.6500
11105.3250
11146.4750
11188.3250
11231.3250
11273.2750
11316.3000
11356.9000
11399.4500
11442.3750
11484.9500
11528.4750
11571.0500
11614.5750
11657.5250
11700.5750
11742.2000
11786.2500
11829.1500
11871.1000
11914.5000
11958.2000
12001.4750
12044.5250
12089.3500
12132.8000
12176.3500
12220.7750
12264.4250
12308.4750
12352.7250
12396.4500
12441.7250
12486.3250
12530.9250
12576.9250
12620.5500
12666.8250
12711.3500
12756.6750
12802.8000
12847.6250
12893.7000
12939.4500
12984.6500
13030.7750
13076.8750
13124.0500
13169.1750
13216.0750
13262.9750
13309.5000
13356.1750
13403.8000
13450.6000
13497.5500
13544.5000
13591.1500
13639.9500
13687.5250
13735.4750
13783.8250
13832.4250
13880.8000
13928.8750
13977.3000
14026.4250
14075.7000
14125.4750
14174.9250
14224.1000
14274.7500
14324.0250
14374.8250
14426.2500
14475.8500
14526.7250
14578.2250
14628.9250
14681.0250
14733.0500
14785.5500
14836.8500
14889.7750
14943.2000
14996.9500
15049.7250
15102.4000
15156.9000
15210.8000
15265.7250
15320.5500
15374.4000
15430.3750
15485.7250
15541.7500
15598.5500
15655.9500
15713.5250
15769.7750
15826.5500
15886.0250
15944.5500
16003.8500
16063.7000
16124.3750
16185.1750
16246.0750
16307.3000
16369.8500
16432.8750
16495.7000
16560.2500
16625.1250
16692.5500
16758.3250
16825.5750
16894.3000
16963.7000
17032.5500
17103.7250
17174.5000
17247.0250
17322.4500
17398.0500
17475.2250
17553.7750
17633.6500
17716.8250
17801.0750
17886.1000
17975.4750
18066.6250
18160.4750
18257.9500
18363.0000
18472.8500
18591.3000
18729.7250
18902.8000

