4002.9500
4110.8000
4210.4250
4300.8250
4392.6250
4480.7500
4570.3500
4655.1250
4741.6000
4824.3750
4906.0500
4983.9750
5062.6500
5138.6500
5214.0000
5288.9750
5360.0500
5431.3250
5500.8250
5570.4500
5639.2500
5707.2750
5772.3500
5839.2250
5904.6750
5968.3250
6032.4750
6095.7000
6157.5000
6219.5750
6281.1500
6342.2500
6401.6750
6461.5250
6521.3500
6580.3500
6639.9250
6696.5750
6754.4750
6811.1250
6868.2000
6925.6500
6980.6750
7037.3000
7092.3500
7146.6750
7201.6500
7256.7250
7310.4500
7364.7750
7419.0000
7471.6250
7524.6250
7578.0000
7631.6750
7684.4250
7736.5250
7787.9750
7839.9500
7892.1250
7942.6500
7994.0250
8043.9250
8095.1250
8145.4000
8195.9250
8245.1750
8295.7750
8346.4750
8395.4250
8444.1750
8493.6000
8542.7250
8592.7250
8640.8250
8688.8250
8737.8000
8786.1750
8834.1750
8882.6750
8929.8000
8977.7000
9024.9250
9072.7500
9120.4000
9167.4750
9214.2000
9261.2500
9307.8500
9352.7500
9399.1000
9444.4750
9490.8250
9537.0250
9584.0250
9628.4500
9674.2000
9720.0000
9765.4250
9810.8500
9855.6000
9900.2000
9944.2000
9989.4500
10034.4500
10079.9500
10123.8750
10169.2500
10212.7000
10257.3250
10301.3750
10345.3000
10389.2500
10434.0500
10477.6250
10521.3750
10563.9500
10608.8500
10652.9750
10695.9750
10737.8500
10781.4500
10823.7000
10866.1250
10910.1500
10952.4750
10995.0250
11037.7750
11081.3500
11124.8500
11168.4750
11210.9750
11254.4500
11297.5250
11340.6750
11384.5000
11428.2500
11472.8750
11516.8000
11560.0250
11604.7000
11648.4750
11692.3500
11737.5500
11782.0250
11825.9750
11870.3750
11915.3500
11959.8500
12004.3750
12049.7500
12094.8250
12140.1750
12186.6000
12232.2250
12277.5000
12322.8750
12369.9250
12415.5750
12461.9250
12508.3750
12555.0250
12600.9000
12649.3250
12695.9500
12742.9750
12790.5500
12837.2500
12884.3000
12931.2750
12979.4250
13027.6500
13075.6000
13123.9500
13172.8250
13220.9250
13269.7500
13317.8750
13366.9000
13415.7250
13464.4750
13513.9750
13563.1000
13612.3750
13662.4000
13713.0250
13763.4750
13812.7750
13863.7250
13914.5000
13966.4000
14017.8750
14069.7750
14120.6500
14171.5750
14224.1000
14274.8750
14328.3500
14380.7250
14435.0250
14488.9750
14542.4500
14595.6250
14650.9500
14704.7000
14759.8500
14813.6000
14868.6750
14924.7250
14980.5000
15036.9500
15093.3000
15150.9750
15209.1000
15267.3000
15324.6750
15384.4250
15442.8750
15502.5750
15562.3500
15623.0500
15683.9000
15745.8000
15808.1750
15870.9000
15933.2500
15998.7250
16062.3500
16128.6000
16195.2000
16261.8000
16330.5250
16399.9250
16469.4000
16537.5000
16608.8250
16680.8000
16754.2500
16829.6750
16905.3500
16982.7500
17061.4500
17143.9500
17226.4000
17309.9000
17396.7750
17485.2000
17578.1500
17673.7250
17771.9000
17878.3250
17989.3750
18109.9250
18243.3250
18397.8500
18591.9250
19112.7500

