3353.9000
3483.9250
3604.3250
3710.2500
3804.1250
3894.2000
3977.7500
4061.4250
4141.9000
4221.4500
4299.7000
4377.1750
4453.8000
4528.5500
4601.5500
4674.0000
4745.9250
4815.4500
4884.6000
4952.1000
5020.0250
5085.3500
5151.5000
5216.1750
5280.7000
5344.6750
5406.2250
5468.0500
5529.7750
5591.5000
5651.5250
5711.1750
5770.5500
5829.3250
5887.9000
5945.3250
6002.9500
6060.1250
6117.3750
6172.8500
6228.4250
6284.9250
6340.7500
6395.6500
6450.4000
6504.8750
6558.4000
6611.7000
6665.0000
6718.5250
6771.5750
6824.9250
6877.0250
6928.9500
6980.6250
7031.9000
7082.9000
7134.4750
7185.2250
7235.7000
7286.3750
7336.4250
7386.8750
7436.8750
7485.8500
7534.9500
7584.7000
7633.4250
7682.5250
7731.1000
7779.1750
7826.7250
7874.8250
7922.6000
7970.4250
8017.8750
8065.2250
8112.8500
8160.0000
8207.4750
8254.5250
8301.4500
8347.6750
8393.5750
8440.0000
8487.2750
8533.0250
8579.0250
8625.3250
8670.9500
8715.9750
8762.3750
8807.4000
8853.4750
8898.3250
8942.8250
8988.0000
9032.4000
9077.5250
9122.4500
9166.8750
9212.6500
9255.6750
9299.7250
9344.7500
9388.6000
9432.4250
9476.0500
9519.7750
9564.1500
9608.0500
9651.8000
9696.1250
9738.8250
9781.9500
9825.5250
9867.8750
9911.1500
9952.9000
9996.4750
10039.6500
10082.3500
10124.3750
10165.9750
10208.3500
10251.9250
10293.7250
10335.5500
10376.7250
10418.6750
10460.5250
10501.3000
10543.0000
10585.1000
10625.2750
10667.3750
10708.6500
10749.9250
10790.6250
10832.1250
10873.4000
10913.9000
10955.5750
10996.3000
11037.4750
11079.0750
11119.6750
11160.6500
11201.5250
11242.9500
11285.1750
11326.2500
11366.6750
11408.3500
11450.5250
11492.2250
11534.2750
11576.2000
11617.0250
11660.2250
11702.8250
11745.3750
11787.7500
11830.1000
11873.3750
11915.4750
11957.6000
12001.8750
12043.8750
12086.9500
12130.5000
12173.9000
12216.5250
12260.4750
12303.4750
12347.2000
12390.2000
12433.4750
12477.5750
12521.4250
12565.9250
12609.3250
12652.8750
12697.1000
12741.7500
12786.2000
12830.6500
12875.9750
12920.8750
12965.5250
13010.0000
13055.2750
13100.6250
13145.3250
13190.4250
13236.6750
13282.6000
13328.6500
13374.2250
13421.0500
13467.5250
13513.7750
13560.4000
13607.0000
13653.7750
13701.6000
13747.8250
13794.6250
13842.6000
13890.4500
13937.9250
13985.0000
14032.5750
14081.5000
14129.8500
14178.3000
14226.2250
14275.7750
14324.4250
14374.3000
14423.6250
14473.4750
14523.3250
14572.6750
14622.8000
14673.2750
14724.7500
14774.4250
14825.0750
14876.5750
14927.7250
14980.2250
15032.8000
15084.0250
15136.3500
15188.6500
15241.7500
15294.3750
15347.7500
15401.5750
15455.7500
15510.0500
15565.4750
15620.0750
15674.6000
15730.7250
15786.2500
15843.1000
15900.1000
15956.3500
16012.8750
16071.0750
16128.7750
16188.3750
16246.5500
16305.1750
16365.3750
16425.7000
16485.6000
16547.7250
16609.9500
16672.3500
16734.7750
16798.9750
16862.3750
16929.5500
16996.7250
17064.0750
17132.0000
17202.0750
17271.3250
17344.1000
17415.3000
17488.9000
17563.9500
17640.1250
17716.3000
17795.6000
17875.2750
17956.3750
18041.0250
18127.5750
18214.7250
18305.9500
18400.3250
18497.2500
18600.2250
18710.4750
18824.9250
18952.7500
19115.6500

