5404.4500
5515.2000
5620.5250
5731.6000
5844.4250
5947.8750
6048.3250
6145.5750
6236.2000
6324.9250
6409.9750
6492.9750
6576.5500
6654.7250
6731.8500
6808.0750
6881.9500
6955.3250
7027.8250
7098.8750
7170.9000
7240.6500
7308.5750
7376.5750
7445.6250
7512.0250
7577.1000
7642.7750
7706.8500
7771.2500
7834.1750
7896.9250
7959.3750
8020.3000
8082.2000
8142.0000
8201.8500
8262.6750
8320.5000
8379.8000
8439.7500
8497.1000
8553.9750
8611.5500
8667.9750
8724.9250
8781.4250
8836.4500
8891.3000
8946.5500
9001.9500
9057.2500
9112.8750
9167.3250
9220.5500
9273.5250
9326.8500
9379.7500
9433.4250
9484.9750
9537.3500
9589.1500
9642.5000
9693.6500
9745.7250
9796.4500
9846.4500
9897.9250
9949.5750
9999.5750
10049.5750
10099.3250
10148.7750
10199.1750
10249.7500
10299.5000
10346.9750
10396.9000
10446.0000
10493.4500
10541.8250
10589.4250
10638.5750
10686.0500
10734.2250
10783.0750
10830.1250
10877.5750
10925.2750
10972.3500
11018.9250
11066.8500
11115.1000
11162.6250
11209.7000
11258.3500
11306.7750
11354.5000
11403.9500
11452.5750
11501.7750
11551.4000
11598.9500
11648.6750
11697.1750
11745.4500
11795.0250
11845.4250
11895.0000
11944.5000
11996.4500
12047.1250
12099.2000
12149.3000
12200.7250
12253.1500
12303.9500
12357.4500
12409.2500
12460.5750
12513.0500
12566.7500
12620.1750
12672.6500
12726.0750
12779.6000
12833.8500
12887.7750
12942.7250
12998.6750
13053.0250
13110.5500
13166.5000
13222.7000
13278.8500
13336.5000
13394.0250
13452.0750
13511.3500
13569.5500
13629.6250
13688.7750
13746.4250
13808.1000
13869.0500
13930.9500
13991.8750
14053.7500
14116.4250
14176.9000
14242.3750
14306.7000
14371.2000
14437.3500
14503.2000
14569.9500
14640.6000
14709.6500
14781.3250
14852.1250
14922.7250
14995.8250
15071.3250
15149.5500
15225.6750
15306.1500
15386.7750
15471.7000
15556.4000
15647.5250
15740.3500
15835.4000
15934.8750
16036.2000
16141.5750
16258.8000
16381.6250
16527.4250
16684.9000
16912.9250

