5923.7000
6046.8750
6178.0250
6321.8750
6445.0250
6558.2000
6665.6750
6769.1250
6866.7000
6959.6500
7048.9000
7136.0000
7217.4000
7300.2750
7379.5750
7459.4000
7533.2000
7610.1000
7686.8750
7761.8750
7832.4250
7901.0750
7968.4250
8037.9000
8106.0750
8172.3750
8238.4750
8303.1500
8367.8500
8433.1500
8496.1500
8560.7750
8623.4500
8684.9750
8745.5750
8805.3000
8865.6750
8925.6000
8985.3000
9044.4000
9102.3750
9161.7250
9219.2000
9275.6500
9332.7000
9388.4500
9445.9250
9502.0000
9557.1250
9613.1750
9667.7000
9722.6000
9777.0500
9830.5000
9884.1500
9938.3250
9990.4500
10046.2750
10099.1250
10151.0750
10201.7750
10253.2000
10305.8000
10357.4500
10408.8500
10461.0000
10512.8500
10563.9500
10614.5250
10665.4000
10715.6750
10765.8750
10815.7750
10865.7500
10915.3250
10964.7750
11013.9500
11063.1500
11112.3750
11162.8250
11212.9000
11262.5000
11312.8250
11363.1250
11413.9000
11464.3250
11515.8500
11569.1500
11620.0000
11672.6000
11725.4500
11777.8750
11829.6750
11882.2500
11935.3250
11988.3000
12042.4500
12098.0250
12152.6250
12207.3000
12261.2250
12317.4000
12373.4750
12428.3000
12485.1250
12540.5750
12597.5750
12656.1000
12713.1500
12772.3250
12829.6750
12889.0750
12947.6750
13007.7250
13070.0250
13129.7000
13190.3750
13252.5500
13315.1250
13377.0250
13439.3000
13501.8750
13564.9000
13630.8250
13695.5750
13761.1750
13829.7750
13897.9250
13967.4000
14037.4250
14111.6500
14180.6250
14254.6000
14327.4000
14405.5250
14483.4250
14559.6250
14641.8250
14723.8250
14810.3750
14899.3500
14989.0250
15084.4250
15188.3750
15287.5500
15395.6250
15515.1500
15649.0250
15816.1250
15988.0250
16341.3000

