2374.6500
2548.4000
2699.9250
2835.9750
2958.9000
3072.7250
3176.8500
3273.6500
3360.5750
3440.6500
3515.9250
3587.0750
3658.6250
3728.9750
3798.2750
3867.4500
3933.9000
4001.3750
4066.5000
4131.8000
4195.6500
4258.5500
4321.3500
4383.5500
4444.2250
4504.1500
4563.5250
4622.3250
4679.9250
4737.3750
4795.5750
4851.2500
4907.1250
4962.5750
5017.1000
5071.5500
5126.3000
5180.1000
5233.7500
5286.1500
5339.0750
5391.9250
5444.0000
5496.4000
5548.0250
5600.1250
5651.0000
5702.3250
5752.5750
5803.1500
5853.8500
5903.2000
5952.2750
6001.2000
6050.7000
6100.1750
6148.7000
6197.3500
6245.4500
6293.9500
6342.2250
6389.6500
6437.7250
6486.0000
6532.4750
6579.0750
6625.8250
6672.5750
6719.2750
6765.6750
6812.0500
6858.3250
6905.0750
6950.3500
6996.8750
7042.5750
7087.6250
7133.0000
7177.7000
7223.6250
7268.2750
7313.5500
7357.7750
7402.1500
7447.4500
7491.5250
7535.5750
7580.1000
7624.1500
7668.4250
7712.1250
7755.7000
7799.0500
7842.2750
7885.9500
7928.2500
7970.4000
8014.3750
8056.9750
8100.8000
8143.3000
8186.3500
8228.8000
8271.8750
8314.1250
8355.5750
8398.0000
8439.9500
8482.1000
8524.2750
8565.6500
8608.0000
8649.3500
8690.8500
8732.5750
8773.0500
8815.2750
8855.4500
8896.3000
8937.3250
8978.5000
9018.3750
9059.3500
9099.7750
9140.0750
9180.9750
9221.5750
9261.7750
9301.2000
9342.0750
9381.9250
9422.2250
9462.2500
9502.3500
9542.0750
9583.2500
9622.5000
9661.1500
9701.2000
9741.1750
9781.3500
9820.7000
9860.1250
9899.7250
9938.2250
9978.4000
10016.4750
10055.5000
10093.7750
10133.2000
10171.7250
10210.8750
10249.5250
10287.8500
10326.6000
10364.7750
10403.5500
10443.6250
10481.3750
10520.0000
10557.3000
10596.0250
10633.3750
10671.4750
10708.4750
10746.9000
10785.3250
10821.7750
10860.0250
10897.0500
10935.1250
10971.8250
11010.1000
11046.9750
11084.1000
11122.0000
11159.4750
11197.4750
11235.3750
11273.8250
11311.6500
11349.9250
11389.1500
11427.5000
11464.8250
11503.2500
11541.5500
11580.6250
11619.7500
11659.2500
11697.8500
11736.6750
11776.0750
11814.4750
11853.3750
11892.9750
11932.3250
11970.5000
12009.8500
12048.7250
12088.5750
12127.3000
12167.2250
12207.3250
12246.2500
12286.7250
12326.3250
12366.3500
12406.1250
12447.6250
12487.0250
12526.6250
12566.7500
12607.1250
12648.2250
12688.6750
12729.3000
12769.4750
12809.9750
12850.9250
12892.4500
12933.5000
12973.6250
13014.5000
13055.6500
13095.9000
13137.3000
13179.1000
13220.9000
13262.1000
13304.4000
13344.6000
13386.3750
13428.0250
13469.9000
13511.3500
13552.6000
13595.6750
13637.3000
13680.2000
13722.2500
13765.9500
13809.2750
13850.4500
13893.7250
13936.3500
13979.2250
14022.6500
14065.2000
14109.1250
14152.1000
14195.7000
14238.8250
14282.3500
14325.5000
14370.4000
14414.4250
14459.0000
14502.7500
14546.8250
14591.8250
14636.2750
14681.9750
14725.7000
14771.4000
14816.8750
14862.1750
14908.2750
14952.9250
14997.8250
15043.7500
15090.6500
15136.9250
15182.8500
15229.0500
15276.8500
15323.4000
15370.6250
15417.4000
15464.6250
15511.4500
15558.9750
15607.7250
15655.6750
15702.7250
15751.5500
15799.5750
15849.1750
15897.8750
15947.5500
15997.3500
16047.0000
16096.4750
16147.2750
16197.5500
16248.3000
16299.3250
16350.8250
16402.3500
16453.5250
16505.3000
16557.0250
16609.4750
16661.3750
16714.8500
16768.4000
16822.3000
16875.9500
16930.6250
16984.6750
17039.8250
17095.1500
17150.9000
17206.2750
17263.3500
17319.1000
17376.0500
17434.6000
17493.3250
17552.5250
17612.1000
17672.0000
17733.2750
17794.7500
17857.7250
17920.0000
17983.9250
18049.0750
18114.4750
18181.6250
18248.0500
18316.5500
18386.2750
18456.8250
18528.1250
18600.3500
18675.3750
18749.8750
18826.6750
18905.1500
18983.8750
19065.0000
19148.4750
19233.0000
19319.0750
19407.5750
19497.3750
19590.9750
19688.5250
19789.8500
19900.9250
20033.3500

