4233.0000
4337.5000
4432.2250
4527.1250
4615.7000
4706.5750
4794.6500
4882.2500
4967.2250
5049.8500
5131.5250
5211.4750
5289.2750
5365.7500
5440.0000
5513.9000
5586.9250
5659.2500
5729.3500
5799.0000
5867.8500
5936.3750
6002.4500
6067.9250
6132.8500
6198.4250
6261.6500
6325.6250
6389.1250
6451.4750
6512.6750
6573.0000
6634.1000
6695.0500
6754.4000
6815.1250
6874.0500
6932.2500
6991.1000
7047.4000
7105.0250
7161.6750
7217.5750
7272.5750
7329.4000
7385.1750
7440.1750
7495.4250
7549.7000
7604.8000
7657.6250
7711.2750
7765.1750
7817.7250
7871.3250
7924.1750
7976.4000
8028.5250
8079.9500
8132.0250
8184.0000
8235.1000
8286.3000
8336.7250
8387.7500
8437.8500
8488.9250
8539.3000
8588.8250
8639.8500
8688.6750
8738.7500
8788.5000
8836.5500
8884.8500
8933.7000
8981.6250
9030.5000
9079.9000
9127.3250
9175.7000
9224.3500
9271.0000
9318.4250
9366.3750
9413.3750
9459.9500
9507.6250
9553.4500
9600.1000
9647.6250
9693.5750
9740.1000
9786.2000
9831.8500
9878.3250
9923.1750
9969.5000
10014.4750
10060.3750
10106.6000
10151.7000
10194.7500
10239.9000
10285.1000
10330.0250
10374.5250
10418.7000
10463.0500
10507.7750
10552.6250
10596.2750
10640.4000
10684.4250
10728.3250
10772.8500
10816.2500
10859.9000
10903.5500
10947.6000
10990.7750
11033.5500
11078.1750
11121.9500
11166.0750
11209.9500
11253.3250
11298.1000
11341.8250
11385.1750
11430.6500
11474.7250
11519.9250
11565.0750
11608.3750
11654.1750
11698.1250
11744.4250
11788.6750
11834.2250
11879.9750
11926.3000
11971.4500
12017.0000
12063.4250
12108.3500
12154.6250
12200.1750
12245.6750
12292.6750
12340.2250
12387.3750
12434.7250
12481.3250
12528.2250
12574.7750
12622.6500
12669.8250
12717.5500
12764.6500
12812.3500
12861.0250
12909.2500
12957.7250
13007.4750
13056.1000
13104.5500
13153.5250
13202.5750
13252.9500
13302.3500
13352.5750
13402.3250
13452.0750
13502.2500
13553.8500
13604.0750
13654.6000
13706.7500
13758.1500
13808.5000
13860.5250
13911.8500
13965.0250
14016.7750
14069.7750
14123.1250
14177.5750
14231.3250
14284.5250
14339.2250
14393.5250
14448.0500
14503.1000
14557.1750
14612.9250
14669.7250
14725.4750
14782.3500
14838.5750
14896.5000
14954.1000
15012.1500
15069.6500
15129.4250
15188.3250
15247.3250
15307.6000
15368.3500
15430.2250
15492.9500
15554.9500
15616.8750
15681.2250
15744.6750
15809.8000
15874.0750
15940.9750
16008.1500
16075.1250
16143.8500
16212.8500
16282.1750
16352.2000
16426.1750
16499.7250
16573.8250
16649.0500
16727.8250
16805.3000
16884.3000
16967.4000
17052.1250
17139.8750
17229.1250
17320.2500
17416.9500
17517.1250
17622.4500
17736.8500
17852.0750
17989.8500
18147.0250
18333.2000
18628.4750

