2208.3750
2383.2000
2536.1000
2679.5750
2805.5750
2921.0000
3027.4250
3125.2500
3213.7500
3295.4000
3371.5500
3443.3000
3514.5250
3584.3750
3652.2000
3719.8500
3786.8000
3853.4750
3918.7750
3982.8500
4045.2250
4106.9000
4168.9000
4229.7000
4290.0250
4349.0750
4407.5250
4465.6000
4522.7500
4579.7000
4635.2500
4690.7750
4745.4500
4800.0500
4854.5750
4908.6250
4961.8500
5014.3000
5068.2000
5119.8000
5172.1500
5223.5250
5275.4250
5326.9000
5377.1000
5428.5500
5479.5000
5529.9250
5579.2750
5628.8500
5678.6000
5728.2000
5777.3000
5826.8500
5875.7000
5923.9250
5972.0750
6021.0000
6067.8500
6116.7750
6164.2000
6211.3250
6257.7000
6304.8250
6351.8750
6398.1000
6444.5500
6490.5250
6536.4750
6582.7750
6628.6500
6674.2500
6718.8000
6765.2000
6809.5000
6855.3250
6899.6750
6944.8750
6988.8750
7033.0250
7077.5500
7122.0250
7167.4500
7210.7250
7254.8000
7299.4250
7343.7500
7387.7500
7431.7000
7474.8750
7517.6250
7561.7750
7604.9250
7647.1000
7690.0000
7733.3000
7775.0750
7817.6750
7859.8500
7902.7000
7945.0500
7987.5500
8029.7750
8071.7250
8114.0250
8155.3750
8196.5750
8238.7750
8281.3250
8322.0500
8361.6750
8404.3250
8445.2000
8487.0750
8527.4250
8568.3500
8608.2250
8650.2500
8690.8250
8732.2250
8772.4750
8813.5500
8852.6250
8893.5250
8933.4250
8974.0000
9014.2000
9053.3500
9093.4500
9133.2750
9173.4500
9212.5250
9252.8000
9291.8500
9332.0000
9371.2000
9410.2500
9450.0250
9489.1000
9528.3250
9566.7250
9606.3500
9644.4500
9683.6500
9721.0500
9760.4750
9798.2000
9836.6500
9876.7000
9914.4000
9953.8750
9991.0500
10029.7750
10068.0000
10104.8750
10143.7500
10181.5000
10219.2250
10257.9750
10296.6250
10334.9250
10372.5000
10409.1500
10447.8000
10484.9000
10522.1000
10559.5750
10596.9000
10634.8250
10672.5250
10710.4750
10747.4000
10785.7000
10821.9500
10859.5500
10896.6000
10933.2000
10969.5500
11006.4500
11042.9750
11079.1500
11116.1500
11153.6250
11191.1500
11228.5500
11265.4500
11303.8250
11339.6000
11378.8500
11414.9250
11452.2000
11490.1000
11527.9500
11563.8750
11603.0250
11641.0250
11678.9750
11716.7250
11755.7500
11795.4250
11832.7000
11871.2750
11909.0000
11947.1250
11986.0750
12024.4000
12063.5000
12101.4750
12140.8250
12178.7500
12219.3750
12257.8750
12296.6250
12336.2750
12374.5000
12413.0750
12453.6750
12492.6250
12532.1500
12571.2500
12610.7500
12651.8000
12689.7250
12730.2000
12769.9250
12809.4250
12849.3000
12890.6500
12929.6750
12969.9750
13009.6000
13050.3500
13091.5750
13131.7250
13171.1500
13211.8500
13252.5250
13294.2500
13334.7000
13376.5500
13417.6750
13458.0250
13498.3250
13539.5500
13582.1000
13623.3500
13665.3750
13706.8000
13748.0250
13789.7250
13831.6250
13872.8500
13914.9250
13957.6250
13999.6750
14040.9250
14084.1750
14126.5250
14169.4000
14211.1000
14253.0500
14296.0750
14339.6750
14382.0000
14424.4250
14467.5250
14510.7250
14554.6000
14598.6500
14642.1250
14686.9750
14730.0000
14775.1750
14819.1750
14863.2500
14907.6250
14951.8000
14997.4750
15041.2750
15087.0500
15132.4500
15178.6250
15223.8750
15269.6250
15314.7500
15361.4500
15407.8750
15453.9250
15500.1250
15547.0750
15593.3750
15641.3750
15686.8500
15734.3500
15780.9750
15828.2250
15876.3000
15924.5750
15972.2500
16020.3750
16068.4750
16116.5000
16165.4750
16215.5750
16265.1750
16314.5250
16363.9250
16414.5250
16464.5250
16515.7500
16565.9250
16617.0500
16668.4250
16720.0750
16771.1500
16822.9000
16875.1500
16928.3250
16980.7250
17033.2750
17087.2750
17140.9500
17194.6250
17249.1000
17303.9750
17358.7750
17414.1750
17470.2750
17526.9750
17583.8750
17640.7500
17699.3750
17757.3250
17816.1750
17875.7000
17936.2000
17996.9500
18058.7000
18120.7750
18184.4000
18248.2250
18312.6250
18378.8500
18445.1750
18513.7750
18582.3000
18652.1500
18723.4250
18795.6750
18869.9500
18945.1500
19021.0000
19099.4750
19179.4750
19260.6250
19343.3750
19426.4000
19512.5750
19599.6000
19689.7500
19781.6500
19876.8500
19977.3000
20084.0000
20206.9750

