2028.5250
2208.5750
2371.3500
2512.5500
2641.7500
2763.4000
2874.9500
2976.6000
3068.9000
3155.1250
3232.8250
3306.6000
3376.8750
3446.0250
3513.4500
3580.5000
3647.0250
3711.5500
3775.3750
3838.8750
3901.7000
3962.6250
4022.9000
4082.6250
4141.3500
4199.9750
4257.5250
4315.7000
4371.7250
4428.2000
4483.2500
4537.9000
4593.0500
4646.3250
4698.8500
4752.6500
4805.5250
4857.1000
4908.8000
4960.7250
5011.6500
5063.0000
5113.4500
5164.3250
5214.5500
5265.1250
5314.8250
5365.4000
5414.0250
5462.8000
5512.6250
5561.8750
5609.6250
5657.1500
5705.0750
5752.3250
5800.9000
5847.6250
5895.0750
5943.0500
5990.1750
6037.4000
6084.0750
6129.7750
6176.2750
6221.6500
6268.1750
6313.9500
6359.4000
6404.3250
6450.2750
6495.3500
6541.0250
6585.6250
6630.2000
6675.1750
6719.3750
6763.6750
6807.0250
6851.5500
6895.1000
6938.0250
6982.4000
7025.3500
7068.1000
7112.1500
7155.6250
7198.4000
7241.5000
7285.1750
7327.7750
7371.0000
7413.9000
7455.9750
7498.4750
7540.8500
7582.9500
7625.4000
7666.9250
7708.6500
7750.2750
7791.3250
7833.2750
7873.9000
7915.5000
7956.5000
7997.5750
8038.0250
8079.5000
8121.1250
8162.0750
8202.4000
8244.5500
8284.6750
8324.7750
8366.0000
8406.2000
8445.5000
8485.3000
8525.4500
8566.3000
8605.5000
8646.3250
8686.1500
8725.5750
8765.6500
8804.4750
8844.1250
8883.4750
8921.7250
8961.7750
9001.5250
9040.7250
9080.2500
9119.2500
9158.6000
9196.9000
9235.0000
9273.8500
9312.3750
9351.4000
9390.3000
9428.5500
9466.2000
9505.4750
9543.4750
9582.1250
9620.5500
9658.7000
9698.6000
9735.8750
9774.2250
9810.7500
9848.9500
9886.5250
9923.7750
9962.6750
9999.2750
10037.7000
10074.0750
10112.5000
10150.3750
10187.6000
10224.3000
10261.6250
10299.0000
10334.9500
10370.3250
10407.6500
10445.1500
10482.0000
10519.0500
10555.5250
10592.6000
10628.7250
10666.0500
10702.0750
10738.2250
10775.4250
10811.7250
10846.7250
10884.1500
10919.8750
10956.5500
10991.9750
11029.2500
11065.4250
11101.6000
11137.1750
11172.9000
11209.9250
11245.6000
11282.5750
11319.4750
11356.8250
11393.8500
11429.6500
11467.1750
11503.2750
11539.5500
11578.7000
11615.1750
11652.0750
11690.1250
11726.3750
11763.7250
11800.8750
11836.0500
11874.9500
11912.1250
11949.8250
11986.9500
12025.4250
12062.7000
12100.3000
12138.0750
12176.5000
12213.6500
12251.2250
12289.7750
12327.1500
12365.3500
12404.4250
12443.0750
12481.6000
12519.4500
12557.2500
12596.6000
12634.5500
12674.0750
12711.7250
12751.3000
12791.5750
12830.8250
12869.1750
12908.2000
12947.3000
12985.2750
13025.1250
13064.4250
13105.7000
13145.6250
13185.0000
13225.0500
13264.3750
13304.5500
13344.9000
13384.9750
13425.2250
13466.1250
13506.2250
13546.7000
13587.1500
13628.1000
13669.0000
13708.7500
13750.0250
13791.5000
13832.0750
13872.8750
13913.9000
13956.0000
13996.4250
14038.2500
14079.8500
14120.6000
14162.1500
14204.5500
14245.6500
14288.7750
14330.9000
14373.2500
14415.5250
14458.6250
14500.8500
14543.2750
14585.5750
14629.2500
14671.2750
14714.3000
14757.7500
14801.5250
14844.8500
14887.5750
14931.4000
14974.8250
15018.6000
15062.6250
15106.0250
15151.6500
15194.6750
15239.3750
15283.0000
15327.6750
15372.2750
15416.3000
15462.4750
15507.5000
15552.0750
15598.0500
15643.6750
15689.6500
15735.8750
15781.1000
15827.4750
15874.3250
15921.6250
15968.3000
16015.1250
16062.3750
16108.7250
16156.5000
16204.1000
16251.7000
16299.5500
16348.4250
16397.0250
16445.0250
16493.8500
16543.2750
16593.1500
16641.9000
16691.7000
16741.5250
16791.6750
16842.4250
16893.2500
16944.4750
16995.9500
17047.3500
17099.6250
17151.5500
17204.0750
17256.9500
17310.1750
17364.3000
17418.9500
17471.6750
17526.8750
17582.1500
17637.2750
17692.6500
17747.6250
17804.8500
17860.5500
17918.4250
17976.6000
18035.2000
18094.3000
18154.0000
18213.6750
18275.0750
18336.9000
18399.0000
18463.0250
18527.0000
18592.4750
18658.7000
18726.9250
18795.0750
18865.6000
18936.4250
19008.9250
19082.0000
19159.3500
19235.9750
19313.6000
19392.7500
19473.4250
19555.7000
19640.2500
19725.6000
19813.3500
19902.4500
19993.7750
20087.4500
20186.2750
20291.8750
20411.9250
20645.1750

