4680.7500
4784.1000
4878.8000
4974.6500
5067.2750
5161.6500
5253.0750
5344.1000
5434.1000
5520.6250
5606.1250
5686.5250
5765.0250
5842.4750
5917.7250
5990.7500
6066.1000
6137.1250
6210.1250
6278.5750
6347.7750
6415.1750
6483.0250
6549.6000
6616.5500
6683.3000
6747.6500
6814.0000
6878.4250
6941.0750
7002.7250
7064.6500
7126.9250
7187.3500
7247.1000
7307.6500
7366.0750
7424.7000
7483.5000
7541.0500
7598.7250
7656.6000
7713.5250
7770.5000
7827.3000
7883.2500
7937.3500
7993.6250
8048.2000
8103.1000
8156.3750
8210.4500
8264.6750
8318.9500
8372.0500
8425.2750
8478.0000
8530.8500
8582.5500
8635.2250
8686.8250
8738.7250
8789.8500
8841.3500
8892.9000
8943.9750
8994.2500
9044.3500
9094.7250
9145.1000
9196.8000
9246.4250
9295.7000
9344.9500
9394.0500
9443.0000
9491.1500
9540.0750
9588.1500
9636.5000
9685.3000
9733.5250
9781.5750
9829.7500
9877.2500
9925.4500
9973.4250
10020.8250
10068.3500
10116.0750
10162.2250
10208.8250
10255.1500
10301.7250
10347.0750
10393.3500
10440.0500
10485.5000
10531.6250
10577.6750
10623.3500
10668.7250
10715.3000
10760.2250
10805.8750
10850.2000
10895.6500
10940.2250
10984.9250
11029.8750
11073.9750
11119.3750
11164.4250
11209.7750
11255.4750
11299.9250
11345.1000
11391.1750
11437.4000
11484.2250
11530.3750
11577.6000
11623.8500
11671.3250
11717.9500
11765.7000
11812.3750
11858.9250
11906.8500
11953.8500
12000.8000
12048.1500
12095.9250
12143.8750
12192.0250
12239.7750
12288.3000
12337.4250
12385.8000
12434.1500
12482.9250
12532.1750
12581.8250
12630.3000
12680.0250
12729.1000
12778.8750
12829.4250
12879.7750
12930.0750
12980.4000
13030.8750
13082.9500
13135.1000
13186.9250
13237.7250
13289.1750
13342.5750
13394.6250
13447.4750
13500.6000
13553.6000
13606.1750
13660.1750
13714.8000
13769.3250
13822.9500
13876.8500
13933.3500
13988.6750
14044.1500
14100.7750
14155.9500
14212.4500
14268.4000
14326.7500
14385.2250
14443.5000
14500.3500
14559.4750
14618.3250
14676.8750
14737.1750
14798.6000
14858.1750
14919.3000
14980.6000
15044.3000
15107.6500
15171.4750
15236.2000
15301.7000
15368.0500
15435.0000
15501.7750
15570.0250
15640.5500
15708.6500
15779.7000
15851.4500
15924.1000
15997.7500
16073.6500
16150.0000
16227.9250
16310.6250
16394.5750
16479.8500
16566.9500
16656.8750
16750.2500
16846.5500
16946.3500
17047.4750
17166.0000
17282.0500
17415.0000
17561.0750
17738.7500
17996.0000

