2946.8000
3095.4750
3228.6250
3343.3750
3448.6500
3544.7750
3633.6500
3716.7000
3794.6500
3872.6000
3949.3250
4024.1000
4097.7750
4170.7000
4243.6000
4313.7250
4383.0000
4452.4000
4520.1000
4587.3750
4653.4000
4719.8250
4784.6250
4849.1250
4911.9500
4974.1250
5036.6750
5097.0000
5157.5000
5217.0000
5276.6750
5335.2250
5394.3250
5451.3250
5507.7000
5564.2000
5619.8750
5676.7500
5731.9750
5787.3750
5842.7500
5897.0500
5951.1000
6005.0250
6058.9750
6112.1000
6165.2250
6218.1000
6270.0750
6322.3500
6374.7750
6426.1250
6477.7000
6528.6750
6579.1750
6629.2000
6679.6250
6729.5750
6780.5250
6830.3500
6879.4000
6929.6500
6979.0000
7027.5000
7076.7250
7125.9750
7174.6000
7222.9500
7271.4750
7318.9000
7367.2250
7415.1250
7462.5750
7509.8750
7557.0500
7604.5500
7650.8750
7697.8500
7744.2500
7790.8750
7837.5250
7882.6750
7929.1000
7974.6000
8020.7000
8067.1500
8113.2750
8158.0000
8203.8250
8249.5500
8294.0750
8339.3250
8383.4500
8428.2000
8472.9750
8516.6500
8560.9500
8605.2750
8649.1500
8693.5500
8736.9000
8780.9250
8823.2250
8867.4250
8911.9000
8955.4250
8998.5250
9041.5500
9084.8250
9127.8500
9172.1500
9214.2500
9258.1000
9300.3500
9343.8250
9385.7250
9427.3000
9469.8250
9511.2000
9553.6000
9595.5500
9637.4750
9678.7750
9720.9250
9761.9000
9803.1750
9845.4000
9886.7750
9928.9750
9970.4750
10011.7750
10053.0250
10095.0250
10135.9000
10176.7250
10217.6000
10259.0750
10298.9750
10339.6250
10380.1000
10422.1250
10460.5250
10501.7250
10542.0000
10582.4500
10622.6250
10662.9750
10702.2750
10741.5250
10781.8500
10822.2500
10862.0000
10902.9750
10941.9000
10981.5750
11021.0500
11061.5250
11101.1500
11140.4250
11181.0000
11220.8000
11261.5000
11301.2000
11340.7000
11380.4250
11421.3250
11461.0500
11501.3500
11541.3500
11582.4750
11624.4250
11665.4750
11706.3000
11747.3500
11788.2750
11830.4750
11871.6250
11912.0000
11954.2500
11995.7000
12036.0000
12077.6000
12118.7250
12160.5750
12202.3000
12244.8500
12285.9000
12328.1000
12370.4750
12412.7500
12455.5500
12497.4000
12538.8250
12581.0500
12623.9000
12666.7250
12709.8000
12752.7750
12795.9250
12838.9750
12882.1250
12924.2000
12967.9000
13010.8250
13055.1250
13098.3750
13141.5500
13185.5500
13230.3750
13273.4250
13317.7500
13361.2750
13406.1000
13451.3500
13495.9250
13540.7250
13586.0750
13630.0000
13674.7000
13720.9000
13765.4000
13810.5500
13856.8000
13901.2750
13947.7250
13991.5250
14038.3250
14084.6000
14130.5250
14178.0500
14225.1750
14271.9500
14318.2250
14365.4500
14412.7500
14460.0500
14507.0000
14554.2750
14603.5750
14651.2500
14699.7500
14748.7000
14797.2500
14846.5000
14895.6750
14945.0500
14993.9750
15043.3750
15093.4250
15142.8000
15192.9000
15243.2250
15293.8750
15344.8000
15395.9250
15446.8000
15498.1750
15549.5000
15601.7500
15654.0250
15705.8750
15759.4750
15811.6500
15864.6250
15918.3750
15972.5500
16025.6000
16080.1750
16133.8750
16189.6750
16244.5750
16300.2500
16356.1000
16413.3250
16469.3500
16527.3000
16585.1500
16643.3500
16701.2000
16759.9750
16819.3500
16879.4000
16938.4000
17000.0000
17062.3750
17124.4750
17186.8750
17250.9000
17314.1750
17379.0750
17445.1500
17512.0500
17580.4250
17649.2500
17721.0000
17791.2750
17863.2000
17937.3000
18011.6750
18087.6000
18163.9250
18242.8500
18323.0750
18405.3500
18487.6000
18572.6500
18659.2500
18749.6750
18841.9000
18937.8500
19037.9750
19146.5750
19261.1250
19398.8750
19654.2000

