4450.4500
4551.1000
4650.1500
4748.8250
4839.7750
4935.4000
5025.3500
5114.1000
5199.9500
5283.2250
5366.3250
5447.2250
5523.5250
5601.7500
5677.9750
5751.5250
5825.2000
5896.2000
5967.2250
6036.7750
6104.5750
6173.0000
6238.5250
6305.9250
6372.8500
6438.6250
6503.4250
6567.7250
6630.9000
6693.0750
6754.7250
6815.8500
6876.1000
6938.3000
6997.7500
7058.5500
7118.8750
7177.3250
7234.9000
7292.9750
7351.5750
7408.1500
7465.6000
7521.6250
7578.3000
7632.7750
7688.6000
7744.4750
7799.7250
7852.7750
7907.2750
7961.5500
8015.2250
8068.2250
8122.1500
8174.3750
8226.7250
8279.3250
8331.7500
8383.7750
8436.0000
8487.0000
8539.8500
8590.9500
8641.2250
8692.5000
8743.1500
8792.8000
8843.0500
8892.4250
8942.8500
8991.6500
9041.3000
9090.5250
9138.8750
9188.5250
9236.8750
9285.5250
9334.7250
9383.2750
9430.9250
9478.4500
9525.7250
9573.5750
9620.8000
9668.8750
9715.8000
9762.8250
9809.1750
9856.3500
9902.6500
9949.3500
9996.8000
10042.3750
10088.8250
10134.6250
10180.1250
10226.3500
10271.3000
10316.2750
10361.6500
10407.1000
10453.2250
10497.9250
10542.1000
10587.7500
10633.3000
10678.0500
10722.0250
10766.5250
10810.8500
10854.9250
10899.6000
10943.6750
10987.6500
11031.4000
11075.9750
11119.7250
11164.4250
11207.9750
11253.3000
11298.0250
11342.9750
11388.0750
11433.3500
11478.3750
11523.5750
11567.9750
11613.3250
11659.0750
11704.6000
11750.3250
11796.3750
11843.8000
11889.0000
11935.5750
11982.6250
12028.6000
12076.0500
12121.4000
12171.0250
12217.4250
12265.4250
12313.4750
12360.9250
12408.5250
12455.2250
12503.9500
12552.2250
12600.0750
12648.3500
12697.1500
12745.5250
12795.0000
12842.9250
12892.5500
12941.4250
12990.4000
13041.0500
13090.1750
13141.6250
13192.0000
13243.5250
13293.1000
13343.0250
13394.7250
13446.1500
13497.4750
13548.5750
13601.0250
13653.6000
13704.9500
13758.3000
13810.5000
13864.3750
13917.2750
13971.9000
14026.2000
14080.4000
14135.2000
14190.0750
14246.1500
14301.4000
14357.9000
14412.5500
14469.9500
14527.6500
14586.3500
14643.1250
14700.4500
14759.2250
14817.3750
14878.2750
14937.4000
14996.7500
15057.2250
15118.9250
15180.8750
15242.3250
15305.9500
15368.7000
15432.2750
15498.3250
15562.9750
15628.2750
15694.7250
15761.5250
15830.0250
15898.3750
15968.2000
16038.7000
16110.4750
16182.5000
16256.4500
16332.5750
16409.0750
16487.6250
16565.3500
16648.2750
16733.0750
16818.7250
16908.6500
16997.9750
17092.7000
17193.7500
17293.3500
17402.9500
17518.1250
17642.5250
17783.0750
17943.9500
18157.5000

