5148.7000
5252.6500
5354.3750
5457.9250
5560.5500
5665.8000
5762.7750
5857.7500
5948.7250
6037.2500
6123.6250
6205.5500
6285.7250
6366.4750
6443.3500
6519.9750
6595.1000
6670.5000
6742.5000
6814.3750
6884.0250
6953.4250
7021.9750
7089.0250
7155.7500
7223.4750
7287.2000
7352.2000
7416.3250
7480.1750
7543.8750
7605.7000
7667.9250
7728.9750
7790.1500
7848.7750
7908.8000
7968.3000
8029.3250
8087.1500
8145.6500
8202.5500
8259.0500
8316.1000
8372.4500
8428.7250
8485.4750
8540.9250
8596.0750
8651.1000
8705.9750
8761.2500
8814.3250
8868.0250
8921.3500
8973.8750
9026.3250
9079.6250
9131.3000
9184.4250
9235.5500
9287.0000
9339.6750
9390.1000
9441.7750
9492.5000
9543.3500
9594.1250
9644.7500
9695.1000
9744.2250
9794.1000
9843.5750
9893.3750
9942.3250
9993.0000
10043.6750
10090.3250
10138.7750
10186.9500
10235.6250
10284.4250
10333.8750
10382.5500
10430.4000
10477.9000
10524.6500
10572.0500
10620.4000
10665.8750
10711.2250
10757.6000
10804.4500
10852.2000
10898.1750
10944.2500
10990.9750
11037.2000
11083.4500
11129.5000
11176.3500
11223.4500
11269.0750
11317.3750
11364.4750
11411.5000
11458.9000
11506.3500
11553.9250
11601.2750
11650.2250
11699.0250
11746.8750
11796.4000
11845.2500
11894.1750
11943.9750
11993.7250
12043.6500
12093.1750
12143.6000
12192.9500
12244.5250
12294.8750
12345.9000
12396.1000
12447.1750
12498.5000
12549.9250
12601.3000
12653.7500
12705.8000
12758.5250
12811.1500
12864.1500
12917.5000
12970.3500
13024.6000
13078.1250
13132.1250
13186.1250
13240.0500
13295.7250
13350.3500
13407.6250
13463.2000
13519.6750
13575.9250
13633.2000
13690.7750
13748.9250
13804.8750
13864.3500
13922.8250
13981.6000
14041.0250
14101.1000
14160.9750
14221.9500
14284.9250
14346.9250
14409.3500
14473.3250
14535.6500
14601.2750
14665.3250
14731.5750
14798.9750
14866.9000
14935.0500
15004.2500
15074.8500
15146.9500
15218.0000
15292.0000
15365.7000
15442.0500
15518.4000
15597.3750
15678.8500
15759.2500
15842.3250
15926.6500
16013.6750
16106.4000
16202.2500
16300.0250
16409.1250
16519.1750
16634.3750
16771.2250
16912.7000
17108.9250
17385.0500

