3667.9000
3773.7250
3862.4000
3942.8000
4018.7000
4094.8500
4169.2500
4241.9750
4314.1750
4384.7000
4454.3750
4523.4500
4591.4250
4658.8250
4724.5000
4790.1250
4854.2750
4918.2000
4980.6250
5042.7250
5103.9000
5164.1750
5224.8250
5283.5500
5341.7250
5400.2500
5457.1250
5515.8250
5571.8000
5628.2250
5684.0750
5739.9750
5795.1000
5850.4000
5904.5500
5958.8500
6012.7750
6066.0750
6118.9000
6173.1000
6225.6000
6278.8750
6331.9750
6384.0500
6436.8000
6488.6500
6540.0750
6591.1750
6642.5750
6694.6250
6745.5500
6795.5000
6845.7750
6895.8750
6946.1750
6996.7250
7046.9500
7096.5250
7145.9000
7196.1750
7245.3750
7294.6500
7343.9750
7392.7000
7441.7500
7489.0750
7537.7750
7586.2500
7634.2000
7682.7000
7730.3750
7778.4500
7826.3750
7873.9250
7922.1000
7969.7500
8016.9250
8064.3000
8110.4500
8157.2250
8203.8250
8250.8000
8296.2250
8343.7500
8389.6500
8435.1250
8481.9500
8526.9500
8572.4000
8618.9000
8664.3500
8710.5000
8755.2750
8800.2000
8846.0000
8890.8250
8935.7000
8981.3250
9026.2000
9071.3750
9116.8750
9161.5750
9206.3250
9250.9750
9294.5500
9339.4750
9383.5000
9427.9250
9471.8000
9517.7750
9562.1250
9605.3250
9649.1250
9693.6000
9737.5750
9781.8750
9825.3000
9868.8500
9914.0000
9955.9750
9999.7250
10043.2250
10086.1750
10129.2000
10172.8500
10216.3500
10258.8250
10302.2000
10345.3500
10388.8500
10431.1250
10474.2250
10517.0500
10560.7000
10602.5250
10645.1500
10688.3000
10730.3250
10771.6000
10814.4750
10857.0750
10899.3750
10941.9000
10983.8250
11026.3250
11068.3500
11110.5250
11153.5500
11195.9500
11240.0500
11282.4500
11325.6750
11369.4500
11413.0250
11455.9750
11499.6500
11542.6500
11587.0000
11631.3000
11675.4000
11718.6250
11762.9250
11807.0000
11850.8000
11894.5500
11939.0250
11983.3750
12028.0750
12072.8500
12118.2250
12162.4500
12206.7250
12252.2750
12297.0250
12341.8250
12387.8750
12432.3750
12477.9750
12523.9250
12569.1500
12614.1000
12661.3250
12707.3500
12754.0500
12799.2250
12846.0000
12892.3500
12940.4000
12986.6750
13035.0500
13082.4750
13130.1500
13178.0250
13224.1750
13271.0000
13319.3750
13367.0500
13414.9750
13463.3000
13512.7000
13561.2250
13610.4750
13659.0000
13708.3250
13757.2750
13806.8500
13856.5250
13905.3750
13955.7500
14005.5000
14054.3500
14105.5750
14157.1250
14208.2750
14259.4500
14309.7750
14360.3750
14411.9750
14462.7250
14514.8750
14566.6250
14619.7500
14671.3750
14723.9250
14778.0000
14830.8750
14884.1500
14938.0750
14990.9500
15046.0000
15099.1750
15154.3000
15208.3250
15263.0250
15319.1750
15376.2750
15432.2250
15488.8750
15545.2000
15602.0250
15659.1250
15716.8750
15775.4500
15833.9000
15892.2250
15950.1500
16010.0250
16070.6000
16130.1000
16192.1000
16253.2750
16314.8250
16376.6750
16439.0750
16502.4750
16565.9000
16630.3500
16695.2000
16759.5500
16826.8250
16892.1750
16958.6750
17026.8250
17096.2250
17164.4000
17233.9750
17306.7750
17379.8500
17453.8750
17527.5750
17603.9500
17683.2500
17763.2750
17845.6000
17927.8000
18013.0250
18100.5750
18191.2250
18283.5500
18377.5750
18473.8250
18571.7000
18672.6500
18775.5000
18880.4750
18992.2000
19106.0000
19224.0750
19347.9250
19479.3750
19618.5500
19776.0250
19950.3500
20162.1000
20474.9000

