2529.7000
2693.8500
2835.7750
2960.6250
3071.4500
3174.1250
3264.5250
3344.7000
3421.1250
3495.7500
3567.3250
3637.2500
3707.2750
3776.8250
3844.9000
3912.5000
3977.6000
4043.8750
4109.1000
4173.2000
4236.8750
4299.1750
4360.6250
4420.9000
4481.5500
4540.9250
4600.5750
4657.9250
4715.8000
4772.8750
4829.4750
4884.9500
4940.7500
4995.9750
5050.7750
5105.6500
5160.7750
5215.2500
5268.7750
5323.0250
5376.2250
5429.8250
5483.0250
5535.7750
5586.9500
5640.6000
5692.3500
5744.6750
5795.8500
5847.9500
5898.9000
5950.1750
6000.1750
6051.8000
6102.5750
6153.2000
6203.2500
6253.0000
6303.3000
6353.0500
6403.1500
6452.1000
6501.4750
6551.1250
6600.0000
6648.7000
6697.2500
6746.2750
6794.2500
6843.5750
6891.3500
6939.3500
6987.4750
7035.5000
7082.9750
7130.6750
7177.9250
7225.5000
7272.6250
7320.1500
7367.8000
7415.4500
7461.0000
7507.9750
7554.8750
7600.0250
7646.8750
7693.1250
7739.6000
7785.2000
7830.7500
7877.5500
7923.4500
7969.6750
8015.9250
8062.7500
8109.6250
8154.1750
8199.8500
8244.9750
8290.0500
8335.3250
8381.6750
8426.1250
8470.1500
8515.4000
8559.7000
8604.4500
8650.0750
8694.8250
8739.3250
8783.7250
8828.6500
8874.1500
8917.8250
8961.9250
9005.9250
9050.8000
9094.5750
9138.0750
9182.4750
9225.6500
9269.8000
9314.0750
9357.7250
9400.7500
9444.7000
9488.4750
9531.9000
9574.8750
9617.4500
9661.8750
9705.7000
9748.1750
9791.5000
9834.0250
9878.7250
9921.1500
9963.2500
10006.7000
10048.9500
10092.5500
10134.7750
10176.8000
10219.1500
10262.2500
10304.9500
10346.8500
10389.9500
10431.7250
10473.6000
10515.8500
10558.1250
10599.8250
10641.1000
10683.1250
10725.1750
10767.1000
10808.3250
10849.4000
10891.8500
10932.5750
10974.6500
11017.2750
11058.8500
11100.6500
11143.9000
11185.5750
11226.9000
11269.6250
11312.0750
11353.6750
11396.4750
11437.6250
11481.2000
11523.7750
11566.2000
11608.9750
11653.6000
11696.7250
11739.9000
11783.2000
11824.6250
11869.4000
11913.5750
11956.8500
12000.8000
12044.8750
12088.0750
12133.9750
12178.3750
12224.3250
12267.4000
12312.6250
12357.5000
12402.7750
12448.4500
12492.3500
12537.4000
12583.9500
12629.6750
12675.4000
12720.9750
12766.1750
12811.8000
12856.9250
12903.9000
12948.3750
12995.0750
13040.5500
13087.4750
13134.0500
13181.1000
13227.8750
13274.5000
13322.4000
13370.1750
13416.4750
13463.6500
13511.6250
13558.7250
13606.4500
13653.5000
13701.9250
13750.1750
13797.8000
13846.5000
13895.7500
13943.3250
13993.5000
14042.4750
14092.0250
14140.2250
14189.4000
14239.6500
14289.9500
14339.6500
14391.0750
14439.6500
14490.7250
14540.6750
14591.7250
14642.1000
14693.4000
14744.9250
14796.4500
14846.9750
14898.4000
14950.6000
15001.9750
15054.4000
15106.6500
15159.5750
15211.6500
15264.9750
15318.3250
15372.7500
15425.7750
15479.7250
15532.3500
15587.0250
15641.1250
15697.0250
15752.0250
15807.0000
15862.0750
15918.2000
15974.9000
16030.9250
16087.5500
16144.7000
16200.7500
16257.9750
16316.5500
16375.7000
16434.5500
16494.1500
16554.4250
16613.9250
16674.1000
16734.8000
16796.7500
16858.0000
16919.7750
16982.6250
17045.5500
17108.5500
17172.6250
17236.9500
17301.9250
17367.4000
17433.4500
17500.4000
17568.3250
17637.0250
17705.7000
17775.6000
17846.7750
17918.5000
17991.8750
18066.7750
18142.3500
18220.8250
18300.8250
18380.8250
18462.9750
18546.9250
18633.2750
18720.7000
18809.8250
18899.7000
18991.3000
19085.4250
19180.0000
19278.1250
19378.1000
19479.8750
19583.8750
19690.7500
19800.5250
19915.5250
20036.5000
20169.8250
20345.5250

