2351.2500
2521.1750
2670.4250
2802.2500
2922.5250
3032.4750
3133.5250
3223.0000
3304.4000
3381.0500
3452.9250
3524.7750
3594.1500
3663.1250
3731.7500
3799.1000
3866.3750
3930.5500
3996.2500
4059.4750
4123.4250
4186.1500
4247.3250
4308.6000
4368.5750
4427.6750
4486.1750
4544.8750
4603.0250
4659.5750
4716.0750
4773.5000
4828.7500
4883.3500
4938.9500
4994.0500
5048.2000
5101.8750
5156.6000
5209.4750
5263.0500
5316.2500
5368.2000
5421.7750
5473.6000
5525.9250
5577.6500
5629.9500
5681.2500
5732.7500
5783.5750
5834.3500
5885.0250
5935.5250
5985.4250
6035.9750
6085.7250
6136.2500
6185.2500
6234.7000
6284.6750
6332.8500
6382.5250
6431.9500
6481.9750
6530.1500
6578.3500
6626.4250
6675.0750
6724.1750
6771.5000
6820.4250
6868.2500
6916.2500
6964.7500
7011.0500
7058.6000
7106.5750
7152.9500
7200.5250
7247.5750
7294.3250
7341.5500
7388.3750
7435.3500
7481.5750
7527.8500
7575.5000
7621.4750
7667.9250
7713.9500
7759.4250
7804.3750
7851.4250
7896.3250
7942.5000
7989.3500
8033.9000
8079.7750
8124.2500
8169.6500
8214.1750
8259.4250
8304.6750
8349.4500
8394.0750
8438.3000
8483.7750
8528.9250
8572.1750
8618.0750
8663.3750
8707.8250
8751.6250
8795.7250
8840.3250
8884.3750
8929.1250
8972.2500
9014.9500
9059.3000
9102.7750
9145.4500
9189.5750
9233.6500
9277.6250
9320.2750
9364.7000
9406.3500
9450.3250
9493.4500
9536.6750
9580.6500
9623.6250
9666.8750
9709.6000
9752.8500
9795.2750
9838.2000
9879.5750
9923.2250
9966.9500
10009.6250
10052.2250
10093.7500
10136.5250
10178.6000
10220.2500
10263.2750
10305.9000
10348.4000
10390.6250
10432.6000
10475.1000
10516.5750
10557.7250
10600.3000
10643.3000
10683.7500
10726.7500
10768.0750
10810.3750
10852.3000
10893.2750
10935.1500
10976.8250
11018.4500
11060.3750
11102.0750
11144.6500
11186.5250
11228.0750
11271.6500
11312.8250
11354.5750
11396.7000
11439.0000
11481.2250
11522.6000
11566.6250
11608.8750
11651.0000
11695.4000
11738.8000
11781.2000
11823.6250
11867.3500
11911.3750
11954.2000
11996.5250
12041.3750
12085.6500
12128.6250
12172.8750
12217.2250
12261.9000
12305.5750
12350.9250
12395.4500
12439.9000
12485.0750
12528.8250
12572.6250
12618.0500
12663.9250
12709.4750
12755.2250
12799.8500
12845.3750
12892.1750
12936.9750
12982.7750
13029.0500
13075.0000
13120.4000
13166.7750
13213.5250
13258.8750
13306.8000
13352.4000
13398.5000
13446.2500
13493.0250
13540.7000
13587.2750
13635.4750
13682.7750
13731.9250
13778.7000
13826.5250
13875.1000
13923.2250
13971.6750
14021.0750
14068.6000
14117.9500
14167.9250
14216.9000
14265.8750
14314.2250
14364.6750
14414.1750
14464.2250
14514.5750
14565.1500
14615.4500
14665.4750
14715.9000
14767.3750
14818.6000
14868.8750
14920.3500
14972.6750
15023.8250
15075.7750
15127.3750
15180.0750
15232.8000
15285.7750
15338.5750
15392.7000
15445.5750
15499.3250
15552.8250
15607.7250
15661.9250
15716.6750
15771.0000
15826.6000
15881.7250
15937.7750
15994.2250
16050.4750
16106.8500
16163.5750
16220.9000
16277.5750
16335.3750
16393.4000
16451.7500
16510.8250
16568.2500
16628.3000
16688.0500
16748.9250
16809.9750
16870.1500
16931.6000
16993.0250
17055.2000
17117.6000
17181.4000
17244.5750
17308.5750
17372.9500
17438.2750
17505.2250
17571.3250
17638.9000
17706.4250
17775.2250
17844.9750
17914.7500
17987.5500
18060.4750
18135.0750
18209.7000
18287.4250
18365.9250
18444.9750
18526.8750
18610.3250
18694.7000
18781.8250
18869.9250
18959.2750
19050.6250
19144.6500
19238.5750
19335.3750
19432.7750
19532.8750
19635.2000
19740.9000
19849.7250
19963.3000
20082.1500
20212.0750
20390.6750

