2733.7750
2877.9500
3005.4250
3116.8250
3218.5000
3305.6000
3387.0750
3463.2000
3536.7500
3610.5250
3682.5500
3753.9000
3824.6750
3894.3000
3962.4750
4030.1000
4096.8000
4163.4000
4228.7750
4292.6750
4356.7000
4418.8250
4481.1500
4541.7250
4601.5750
4661.3500
4720.5250
4777.9750
4836.1000
4893.9000
4950.9250
5007.5000
5062.6500
5118.1000
5172.7500
5227.4250
5281.6000
5335.7500
5390.5750
5443.7000
5496.8000
5550.6250
5602.6250
5655.5250
5708.2250
5759.7750
5811.6250
5863.3250
5915.1000
5967.6500
6018.9250
6069.1250
6120.6250
6171.4000
6222.2250
6273.0250
6323.0750
6372.9750
6423.5750
6473.0250
6522.9250
6572.2000
6621.4250
6670.6750
6719.4250
6768.3500
6817.3000
6866.1000
6914.6250
6963.5000
7010.8000
7058.6750
7108.3000
7155.3750
7202.5250
7250.0000
7297.7500
7345.9250
7393.5750
7441.3500
7487.8000
7534.5000
7581.4250
7628.6500
7674.6750
7722.1500
7767.9750
7814.8000
7862.3250
7909.0750
7956.3500
8002.9750
8047.5500
8093.0000
8138.5000
8185.4000
8230.5000
8276.7500
8322.1250
8368.5250
8412.7000
8457.6250
8503.1250
8547.1250
8592.7750
8637.6750
8681.7500
8727.3250
8772.4500
8816.7750
8862.5750
8905.8250
8950.7250
8994.6500
9039.6500
9083.6500
9128.2250
9172.6500
9216.8000
9261.1000
9303.8250
9348.4500
9392.0250
9436.3500
9479.3500
9523.5000
9567.2500
9611.0500
9655.0000
9698.0250
9741.2250
9785.3500
9827.5250
9870.1000
9914.4250
9957.6750
10000.9250
10042.9000
10086.7750
10129.6250
10172.7000
10215.0250
10258.3250
10301.0250
10342.3750
10384.2500
10427.8250
10469.4500
10512.1750
10554.7500
10596.1750
10637.9500
10679.2250
10723.0500
10765.0000
10807.2000
10848.5000
10889.6250
10931.4500
10972.6000
11015.0000
11056.8750
11098.6000
11141.9500
11183.5000
11226.3250
11268.4750
11310.8250
11354.1750
11397.0750
11440.1500
11483.7500
11525.6500
11568.6250
11611.6000
11654.9750
11699.6750
11741.7750
11786.2250
11829.8000
11873.4000
11916.8750
11960.9000
12005.5750
12049.3250
12092.5250
12136.8750
12181.7250
12225.8000
12270.7000
12315.2250
12359.5750
12404.4000
12449.9000
12495.4250
12540.2500
12585.6000
12630.5000
12675.6750
12720.4750
12767.4250
12812.5250
12857.9250
12904.5250
12951.1750
12996.4750
13043.1000
13090.1000
13136.9750
13183.2000
13229.7250
13277.0250
13323.3000
13370.9500
13417.7500
13464.8000
13511.9500
13559.7750
13608.5750
13655.5250
13703.9750
13752.1250
13799.9250
13848.4000
13897.7750
13945.8750
13995.1250
14043.7500
14092.3250
14141.6250
14191.4250
14240.1000
14290.3250
14339.9750
14390.3250
14441.1750
14491.9000
14542.0000
14592.8250
14643.8250
14694.1750
14747.0750
14798.3750
14850.1000
14902.6750
14955.2750
15007.0250
15060.0250
15112.1250
15164.0500
15219.0750
15272.1250
15325.2000
15380.0500
15433.8750
15488.9500
15543.1750
15598.0250
15653.2750
15708.7000
15765.3750
15821.6500
15876.6750
15934.1750
15990.8250
16047.4500
16105.1500
16162.1250
16220.3000
16278.9000
16338.7500
16397.6500
16456.5750
16517.4250
16577.4750
16639.0000
16699.6000
16760.0000
16821.5500
16883.4000
16945.8750
17010.9500
17073.8000
17137.9500
17202.8000
17268.2000
17334.2250
17400.6500
17468.3750
17537.1000
17606.1500
17675.9750
17747.7000
17819.6750
17892.9250
17967.1500
18042.8750
18120.2750
18198.4500
18278.5000
18361.4000
18444.5750
18530.0250
18616.8750
18705.6500
18796.4000
18889.0500
18982.4500
19078.4750
19175.6500
19274.5250
19376.5000
19480.6500
19587.6250
19697.6500
19811.9500
19934.4000
20068.2500
20226.7000

