5418.8000
5505.1500
5584.8000
5660.1000
5733.5750
5805.3000
5875.6750
5944.1750
6010.8000
6076.2500
6139.5250
6202.3500
6264.7250
6324.4000
6385.9000
6446.0000
6506.1500
6565.4000
6623.2250
6682.1250
6739.9000
6796.6750
6855.2500
6911.5500
6968.0500
7023.8000
7078.3500
7134.2250
7189.1750
7243.2750
7297.3500
7351.7750
7404.5500
7457.8250
7510.4250
7563.1000
7614.1500
7666.4000
7718.4750
7769.2750
7820.8000
7870.2500
7922.3500
7971.2250
8021.0000
8071.1250
8120.9000
8170.4250
8218.9000
8268.6250
8319.6500
8367.5750
8415.9000
8464.8250
8514.2500
8562.4250
8610.2000
8657.9000
8704.8750
8752.9250
8800.0500
8846.9250
8894.6000
8941.6500
8988.5750
9035.7250
9082.7000
9128.9750
9174.7000
9220.4750
9267.0000
9312.7000
9358.8250
9403.9500
9449.4000
9494.4500
9538.4250
9583.6500
9630.0500
9674.7250
9719.8250
9764.2250
9808.1000
9851.9500
9897.2000
9941.4750
9986.1750
10030.8750
10074.9000
10118.8500
10162.6750
10206.4250
10249.4250
10294.1000
10338.3250
10381.2500
10424.1000
10466.5750
10510.4750
10553.9250
10596.5000
10640.0000
10682.8000
10724.8750
10768.2000
10809.0000
10851.0750
10893.0250
10936.3500
10977.9000
11019.0250
11061.6750
11104.2500
11146.7250
11189.0750
11233.0250
11276.1500
11318.7000
11361.8250
11405.1750
11448.6750
11490.9750
11533.4750
11577.9250
11620.9250
11664.9750
11708.7750
11753.1250
11798.0500
11842.2750
11885.9250
11931.0000
11975.3750
12020.9000
12065.3000
12110.3000
12156.3500
12201.3000
12247.9500
12292.5250
12338.9250
12384.3000
12429.7250
12475.8250
12522.9750
12568.7750
12616.3000
12662.1500
12708.9500
12756.5500
12804.3500
12851.2750
12899.5250
12946.8000
12995.1250
13043.0000
13091.8250
13140.0500
13188.7500
13238.5000
13287.5750
13337.4000
13386.4000
13435.2000
13485.5000
13535.1000
13585.6500
13636.5750
13686.4250
13736.8250
13788.8750
13840.3750
13891.4000
13942.6750
13994.6500
14046.8750
14100.7750
14154.3000
14207.6750
14261.4250
14315.3500
14368.8000
14423.9750
14478.7250
14534.2750
14591.0750
14646.6000
14702.1000
14758.6750
14815.0250
14872.5250
14930.9000
14989.5750
15049.9750
15108.9000
15169.4500
15231.1000
15289.5000
15351.2250
15413.2750
15477.1000
15542.5500
15605.9750
15672.4000
15737.3000
15806.5750
15873.6250
15941.6500
16010.3000
16081.1250
16150.2250
16223.4250
16298.0750
16374.0500
16450.3750
16531.4250
16612.2000
16696.8000
16784.9250
16876.8000
16973.1750
17075.7500
17183.8750
17305.6500
17436.7500
17629.9250
17943.4000

