3453.7500
3564.1250
3656.0750
3737.6000
3816.8250
3893.5750
3968.2750
4042.4750
4115.5500
4187.7250
4258.5250
4329.8250
4398.6750
4467.9750
4536.3500
4601.9000
4669.2250
4732.9500
4797.9000
4860.7500
4922.4000
4984.1250
5045.4250
5104.9750
5166.1750
5224.5750
5281.9750
5340.1750
5397.0000
5453.4750
5511.0000
5566.7000
5622.6750
5677.4500
5732.1250
5787.0500
5841.1500
5894.7000
5949.1000
6002.0250
6055.4750
6108.4000
6161.3000
6213.2000
6266.0250
6318.0750
6370.0250
6421.3000
6473.4250
6524.4500
6576.1000
6627.4500
6677.5500
6727.2250
6777.8500
6828.9250
6878.4250
6928.1750
6977.8250
7027.4750
7076.5250
7126.1250
7174.6500
7223.7000
7273.1750
7322.1500
7369.8250
7418.4750
7465.9000
7513.8000
7562.4250
7610.4750
7658.4500
7705.4500
7753.6750
7800.3750
7847.3750
7894.7750
7941.6750
7988.1750
8034.8250
8081.4750
8128.0000
8174.7750
8221.5750
8268.3500
8313.2000
8360.1750
8405.4000
8452.7500
8498.4000
8544.5750
8589.6750
8635.9500
8680.8500
8725.6750
8772.1500
8816.6250
8861.5750
8907.4500
8952.3500
8997.6250
9042.5250
9086.6000
9132.7250
9177.3250
9221.5250
9267.4500
9310.7750
9355.0750
9399.5750
9443.4750
9488.4250
9532.3250
9575.5750
9620.5750
9664.0000
9707.9000
9751.9250
9796.2750
9839.0750
9881.8250
9926.5250
9970.3500
10013.4750
10056.3250
10100.8250
10143.6000
10187.3250
10230.4000
10273.0750
10317.1500
10359.5500
10402.5250
10444.7750
10487.9750
10530.0500
10572.8000
10615.8000
10658.9000
10701.0750
10742.3750
10786.1500
10829.2250
10871.5750
10914.1500
10955.5250
10996.5750
11039.9500
11082.5250
11123.9250
11167.6000
11210.6500
11253.0750
11296.3250
11339.5500
11382.7750
11425.5250
11468.6500
11511.5000
11555.2750
11598.3500
11641.8750
11685.9000
11729.8000
11774.8000
11817.9250
11861.7750
11906.2500
11950.4250
11994.8500
12039.0750
12084.9750
12129.8250
12174.2750
12219.5250
12264.2000
12309.0250
12354.1250
12398.8500
12444.9500
12489.9500
12535.6000
12582.0500
12626.0000
12672.3250
12717.7250
12764.1500
12810.7000
12857.4750
12904.5000
12950.0000
12997.4250
13044.8500
13090.9500
13139.1750
13185.9750
13233.6750
13281.3750
13328.7000
13377.2000
13425.4000
13473.9750
13522.5250
13570.2000
13619.0750
13668.0500
13716.8500
13765.9250
13815.6750
13864.6750
13914.4000
13964.6500
14015.2500
14065.2750
14115.9750
14167.1500
14216.9500
14268.6000
14319.3750
14370.7000
14421.8750
14473.0000
14524.7500
14576.8000
14628.4250
14681.1500
14734.0250
14787.0500
14839.1750
14891.9000
14946.1250
14999.8500
15054.0250
15107.3000
15160.7500
15215.8250
15270.9750
15327.4500
15381.9250
15436.7750
15493.2750
15549.6250
15606.2250
15662.9000
15719.7500
15776.2250
15835.4750
15894.2500
15951.7750
16010.4000
16070.3750
16131.2750
16190.5250
16250.5250
16311.8750
16373.7000
16434.8000
16496.4250
16559.0750
16622.0000
16686.6500
16750.7250
16815.6500
16882.0000
16947.6750
17014.9750
17080.6500
17148.3750
17217.8250
17288.2000
17359.6000
17432.1500
17504.0250
17579.1750
17654.3500
17731.7750
17811.2250
17891.0750
17973.7750
18057.3250
18143.3000
18231.4750
18322.2500
18414.9000
18508.1250
18603.7500
18701.6750
18803.5250
18905.4750
19010.5500
19120.2750
19232.9500
19349.1250
19472.7250
19600.7000
19739.9750
19886.4750
20054.0500
20259.5000
20898.5000

