3852.1000
3947.8750
4030.9750
4109.3750
4186.1500
4260.8750
4335.8500
4408.9250
4480.2000
4550.6250
4620.6750
4689.3500
4757.9250
4825.9250
4891.8500
4957.4750
5021.6000
5084.9750
5147.4250
5210.0000
5270.6500
5330.6000
5390.6750
5449.2750
5506.7250
5564.9250
5622.1750
5678.2000
5735.4500
5791.1000
5847.5250
5902.8000
5957.7750
6012.8750
6067.2250
6121.9250
6176.0500
6229.4250
6282.9750
6336.0250
6388.4750
6441.3250
6493.3750
6545.7000
6596.9500
6649.2500
6700.7000
6751.7000
6802.3750
6854.1500
6904.1500
6955.1000
7006.0500
7055.7500
7105.2750
7154.5500
7204.6750
7254.7250
7302.9250
7352.3500
7401.7000
7450.3000
7498.6750
7547.6500
7596.3000
7644.5000
7692.4750
7740.9750
7788.2500
7836.1500
7883.6500
7930.9500
7979.0000
8025.5000
8073.3250
8120.1750
8168.1500
8214.1500
8261.4500
8308.1500
8354.9250
8401.1500
8448.5250
8494.3500
8540.6000
8586.0250
8632.6250
8679.2500
8724.8000
8769.4750
8815.3750
8861.0250
8906.5000
8952.5250
8997.4000
9041.9250
9087.3750
9132.9500
9176.1500
9221.5500
9265.2500
9311.4250
9354.4500
9398.8000
9442.4000
9487.1000
9529.9750
9574.7500
9618.5500
9662.0500
9706.2500
9749.6000
9793.4000
9836.8250
9881.1000
9924.7750
9968.1000
10012.2750
10054.8750
10097.9250
10141.9250
10185.7000
10229.0000
10271.2750
10315.5250
10357.0750
10400.9000
10443.2750
10487.1500
10529.8500
10573.1750
10616.0750
10658.6000
10701.0500
10742.4250
10785.8250
10827.8000
10870.5750
10913.0000
10955.0500
10996.6500
11039.1750
11081.9500
11125.0750
11168.4000
11210.1250
11253.3250
11296.1750
11339.3750
11383.1500
11425.3000
11470.8250
11513.3000
11556.9000
11602.1750
11645.0250
11688.9250
11733.0000
11777.6500
11820.6000
11866.1250
11909.9500
11955.2000
11999.2500
12043.8500
12088.4500
12133.5000
12178.3000
12222.6500
12268.2250
12313.5750
12359.6250
12404.8750
12450.0250
12495.6250
12542.4250
12588.1000
12633.9000
12680.5750
12726.5500
12773.9250
12820.2500
12867.1000
12915.1000
12962.1500
13008.7250
13056.8250
13104.1250
13150.7500
13198.1500
13245.5750
13295.0500
13343.2750
13391.6500
13440.2250
13488.7750
13536.3500
13584.8250
13634.4250
13683.2500
13732.3750
13780.8500
13831.5750
13880.9750
13930.1500
13980.4000
14029.2250
14080.1500
14130.1500
14181.8750
14232.4750
14284.2000
14334.6000
14386.9750
14439.2000
14491.2500
14543.2250
14595.1750
14647.7500
14700.0500
14752.8500
14806.0250
14859.1500
14913.2500
14967.2500
15022.5750
15076.9750
15131.7500
15186.7500
15241.6000
15297.8000
15353.5250
15410.1750
15466.8500
15523.5750
15581.3500
15637.8500
15696.3500
15755.1500
15813.3000
15872.5750
15931.5250
15992.8500
16053.6250
16114.9500
16175.4750
16237.4750
16300.0750
16363.0750
16425.4000
16489.1000
16552.4250
16618.0000
16682.4000
16749.2500
16814.7250
16882.6250
16950.9750
17020.8250
17089.3500
17160.2250
17232.8000
17306.0750
17381.0500
17457.8000
17535.3750
17615.1250
17697.8750
17780.0500
17865.9500
17954.8000
18043.4750
18134.7750
18229.2750
18325.7750
18424.9000
18525.7000
18629.3500
18735.3500
18847.2500
18964.4750
19086.0500
19212.2250
19344.4750
19492.5250
19655.1250
19841.9500
20078.3500

