3267.6750
3394.0250
3492.2250
3579.5250
3658.2250
3734.5250
3809.9250
3884.5500
3956.5500
4029.5000
4101.3750
4171.5750
4242.4500
4311.7500
4380.7500
4448.4000
4514.2750
4580.2500
4643.9250
4708.4250
4771.7500
4833.6500
4894.8000
4954.5750
5013.8500
5072.5250
5130.4000
5188.1000
5245.7500
5302.5500
5359.4000
5415.2750
5470.6500
5526.3000
5581.8000
5637.3250
5691.6250
5746.1500
5800.4750
5853.6750
5906.9000
5960.3000
6013.6500
6066.2250
6118.9750
6171.2000
6222.9750
6275.3750
6325.2000
6376.9000
6428.4750
6479.0500
6530.0000
6580.8500
6631.8000
6681.1500
6732.2000
6782.0500
6832.4500
6881.4500
6931.7500
6981.1500
7030.0000
7078.6750
7127.6750
7175.1750
7224.4000
7273.9250
7322.1000
7370.4000
7418.6500
7467.2250
7514.6000
7562.6750
7610.3250
7657.8500
7705.3500
7750.5500
7798.9000
7845.8500
7892.5500
7939.4750
7986.9750
8033.1500
8080.3750
8127.3500
8173.6750
8219.6750
8266.3500
8312.7250
8358.5250
8404.3500
8448.5500
8495.7750
8541.4750
8587.7500
8633.9000
8678.2500
8724.1000
8769.2500
8813.4750
8858.6500
8904.2250
8949.5000
8995.6000
9040.4500
9085.2000
9130.0750
9174.2000
9219.1250
9263.4000
9307.3750
9353.1250
9397.0750
9441.5750
9485.1250
9529.1500
9572.8250
9616.6000
9660.5250
9704.4000
9749.1250
9791.9000
9835.4000
9879.1750
9922.0000
9965.0750
10008.6000
10052.0750
10094.4500
10137.1000
10180.4250
10222.9750
10266.4500
10309.4250
10353.6000
10395.6750
10439.1250
10481.8750
10524.1750
10567.1250
10610.2750
10651.6750
10694.8000
10737.6250
10781.1500
10823.5000
10866.0000
10908.2250
10951.4500
10993.6500
11035.1000
11078.3500
11120.1000
11162.8000
11206.0250
11248.7500
11291.5500
11334.5250
11378.3750
11420.9500
11463.5250
11508.0250
11549.6000
11593.8250
11637.8250
11680.6000
11725.6500
11768.9000
11812.4750
11856.9750
11901.9750
11946.1250
11989.5250
12034.5750
12078.1000
12122.4500
12166.1250
12211.1500
12256.9500
12301.1250
12346.9750
12391.1500
12435.9750
12481.8750
12526.9250
12572.5500
12618.1750
12664.0250
12709.8500
12755.4250
12801.4750
12848.6500
12894.8000
12942.9500
12990.1750
13036.1000
13082.7250
13130.0000
13177.0750
13224.2250
13271.4000
13319.0500
13366.6750
13414.9500
13463.7750
13511.6250
13560.0750
13608.5750
13656.9000
13706.0250
13755.2000
13804.3000
13852.7000
13901.8250
13951.6000
14000.8000
14051.7000
14100.7750
14151.8000
14203.0000
14252.1000
14303.6750
14353.9750
14405.3750
14456.0000
14507.6250
14558.3250
14610.0750
14662.2750
14714.4750
14765.7250
14817.6500
14870.9000
14923.3250
14976.8250
15030.6000
15083.7500
15138.3500
15192.6750
15246.5500
15301.6250
15356.7250
15411.5000
15466.5750
15522.7250
15579.6500
15635.5000
15692.3500
15749.0500
15805.9250
15863.9250
15922.4750
15980.8000
16039.7750
16099.1750
16157.8250
16217.6500
16277.4000
16337.8000
16398.4750
16458.9250
16520.6750
16583.0500
16645.6000
16708.0500
16771.2500
16836.2750
16901.3000
16966.6250
17032.8250
17098.6000
17166.3250
17233.8750
17302.1250
17371.8250
17443.0250
17515.5250
17588.7250
17662.8500
17738.9750
17817.6000
17895.3500
17975.9750
18057.5250
18141.9250
18226.1250
18313.6000
18403.0250
18493.1500
18586.6750
18681.7750
18777.3500
18873.9250
18976.2500
19078.7000
19186.5500
19295.4000
19407.7000
19526.5500
19651.0500
19779.5750
19921.1500
20080.0750
20274.9750

