4065.5750
4156.1500
4239.4000
4317.5500
4392.4250
4467.6750
4541.4750
4612.5750
4683.2750
4753.6750
4820.9500
4888.9500
4956.2500
5021.4500
5086.8750
5150.9250
5213.6000
5275.4500
5336.6250
5397.6750
5458.1750
5516.9250
5575.4500
5632.6750
5690.1000
5748.2500
5804.3250
5860.6750
5916.6000
5972.8500
6027.5250
6082.4250
6136.0250
6191.7750
6244.8250
6298.6250
6351.8250
6405.6750
6458.7250
6511.4500
6565.0250
6616.4250
6669.6750
6721.8250
6774.0750
6825.9500
6877.1750
6928.5000
6979.3500
7029.9000
7080.3250
7131.2000
7180.6000
7230.8500
7280.2000
7330.2750
7380.7000
7429.1500
7477.8000
7526.4750
7574.5750
7623.9250
7672.3500
7720.9500
7769.1750
7816.9250
7864.8500
7913.7250
7961.0000
8008.9250
8056.9750
8103.5000
8151.4000
8197.4250
8244.9750
8291.5000
8337.6250
8384.7750
8430.8250
8477.6500
8525.2500
8571.3500
8616.9000
8663.2750
8709.6250
8755.2500
8800.6000
8847.9000
8892.4250
8938.6000
8983.3500
9029.1250
9073.9000
9119.5250
9163.7750
9209.0000
9253.1500
9297.7000
9342.6250
9387.6750
9431.8000
9476.9750
9520.4250
9565.1250
9610.1750
9653.7250
9697.5750
9741.8500
9785.7750
9829.4000
9873.3750
9917.4250
9960.9500
10005.1500
10048.0250
10091.5750
10134.7250
10178.2000
10221.6750
10263.9000
10307.5250
10351.0500
10393.5250
10436.9500
10478.9000
10522.0250
10563.9250
10606.5500
10649.4000
10693.5250
10735.0750
10777.3500
10821.4250
10863.6750
10907.0250
10950.1000
10991.9250
11033.7250
11077.3500
11119.3500
11161.8500
11204.7500
11247.4750
11290.3000
11333.6750
11376.8000
11420.2250
11463.1500
11507.3000
11551.1750
11594.4250
11638.1250
11682.1250
11727.2750
11770.9250
11814.7500
11859.2750
11902.9250
11947.1750
11990.8000
12035.6500
12080.5500
12126.1500
12170.4000
12216.1000
12261.2500
12305.8000
12352.0250
12397.4000
12443.7750
12489.6250
12536.3250
12582.5250
12628.4500
12675.2750
12721.9250
12768.0000
12814.1250
12861.3000
12908.1250
12955.2750
13002.8750
13050.4500
13096.6500
13144.3750
13191.9500
13239.6750
13287.2500
13335.5250
13383.4250
13431.4750
13480.4750
13530.1500
13578.7500
13627.8750
13677.1000
13726.8250
13776.2750
13825.2000
13875.5500
13925.5750
13975.5500
14026.1250
14076.8500
14128.5750
14179.5250
14231.0750
14282.3000
14333.3750
14386.4750
14437.0000
14489.0250
14541.0250
14593.2000
14646.2750
14700.3750
14753.3750
14807.6500
14862.3500
14916.0250
14969.8000
15024.0000
15079.1000
15133.3750
15189.8250
15244.9750
15301.3000
15357.4250
15414.1500
15471.1750
15529.8500
15586.8500
15645.9000
15704.8250
15763.6500
15823.3250
15882.1750
15942.5500
16002.8000
16063.4750
16124.3000
16186.0750
16247.8000
16310.9250
16373.8250
16438.5500
16503.1250
16568.6000
16634.7750
16702.4250
16768.4250
16835.4500
16905.1250
16974.7750
17044.9750
17116.2750
17189.4500
17263.1500
17338.7750
17417.2000
17498.6500
17579.5250
17662.6250
17746.3000
17833.1250
17924.2750
18018.7000
18112.7500
18210.5000
18309.4000
18410.9500
18516.6500
18628.6000
18742.3250
18859.6500
18988.9000
19125.0250
19270.2750
19437.5750
19626.1750
19873.9500

