2192.6750
2366.8750
2522.1750
2661.6500
2785.7750
2899.6250
3004.1750
3099.0500
3186.8750
3266.4000
3340.9250
3412.3500
3482.6750
3552.6250
3621.0750
3689.4250
3755.2500
3820.9250
3886.1500
3950.5250
4012.9500
4075.1250
4137.3250
4197.7000
4256.8250
4316.5750
4375.1250
4433.5250
4491.3500
4547.4250
4604.8250
4661.4250
4716.0250
4770.3250
4825.4250
4880.0750
4933.8500
4988.1000
5040.7750
5094.7000
5148.6250
5201.0250
5253.2000
5307.0000
5358.5250
5411.2500
5462.7250
5514.5750
5565.6500
5617.4000
5668.1000
5718.6250
5769.6000
5821.0250
5871.6000
5921.5250
5971.4500
6022.2250
6070.5250
6121.0750
6170.6000
6220.3750
6268.0000
6316.0500
6365.2500
6415.3500
6463.1500
6512.3750
6560.8500
6608.6500
6656.4250
6705.4000
6753.0500
6800.3750
6847.8500
6894.4500
6942.4000
6988.8250
7036.7000
7083.6750
7131.0250
7177.9750
7224.8750
7270.7750
7317.5750
7363.8500
7410.1250
7456.6250
7502.5000
7549.1500
7597.1000
7640.8000
7686.5500
7733.0750
7777.9500
7824.2750
7869.9250
7914.3250
7959.9250
8005.3000
8049.7000
8094.5250
8140.6750
8185.4250
8229.8000
8275.2750
8319.4000
8362.4750
8407.7500
8451.7750
8495.8750
8540.5000
8584.6250
8628.4250
8673.1500
8717.4500
8762.1750
8806.2250
8848.6750
8893.4750
8937.4250
8980.9500
9024.5750
9068.2000
9110.9750
9154.3750
9198.7250
9242.3000
9286.1750
9329.3500
9372.3500
9414.2500
9457.8250
9501.0500
9542.9500
9585.3500
9629.4750
9673.0000
9715.6000
9758.6250
9799.7000
9843.6500
9884.4000
9926.7250
9969.4000
10012.0250
10052.9750
10095.9750
10137.8750
10179.7750
10222.2250
10263.4000
10305.2250
10345.4250
10386.9750
10428.9000
10471.1500
10512.6500
10555.0000
10596.3500
10637.9250
10679.1000
10721.6750
10763.5000
10803.1000
10845.1750
10886.9750
10929.4250
10969.2000
11012.1250
11052.6750
11093.4250
11134.3750
11175.4750
11218.7750
11259.6000
11302.9000
11343.5500
11387.0750
11428.7500
11470.4750
11512.3500
11554.1000
11595.9750
11639.9000
11683.3000
11724.4750
11767.4250
11810.4250
11854.1250
11897.1750
11940.4500
11984.1750
12026.6750
12069.8750
12114.1750
12157.8500
12203.4000
12247.1250
12290.1750
12335.0000
12379.1500
12422.1500
12467.5250
12511.4750
12555.8750
12599.8500
12644.0750
12688.1250
12733.9250
12779.1500
12824.3250
12870.3500
12916.0500
12962.1500
13006.4250
13052.5750
13098.5000
13146.3000
13191.8750
13236.9000
13283.5750
13328.9750
13377.0500
13423.8250
13470.0250
13517.4000
13564.4250
13611.8500
13659.6750
13706.9250
13753.9000
13801.4250
13849.1500
13896.1500
13944.3000
13992.9000
14039.6000
14088.2250
14136.6500
14185.3000
14234.7750
14283.0750
14332.6750
14381.4000
14430.9250
14480.5000
14530.3750
14579.5250
14630.3750
14681.2000
14730.3500
14781.8250
14832.7750
14883.5750
14934.5250
14985.4750
15037.2750
15089.0500
15141.2000
15192.5250
15244.9000
15298.4000
15349.5750
15402.8000
15455.9750
15508.5000
15561.5250
15615.1250
15668.9500
15723.0750
15776.6000
15831.9000
15885.2000
15939.8250
15995.0000
16050.0500
16105.8000
16162.5750
16219.3750
16275.1250
16332.7000
16391.2250
16449.5250
16507.6250
16565.6250
16623.8250
16682.8500
16742.3750
16801.5250
16861.5750
16922.3500
16983.1500
17044.5000
17107.3250
17168.6250
17230.9500
17294.3250
17357.7500
17422.6000
17487.3750
17552.6000
17618.3500
17684.2500
17752.5000
17819.9750
17889.8000
17958.8500
18031.0250
18102.9750
18175.5000
18250.0000
18326.6500
18402.8750
18481.2000
18562.0250
18643.3000
18726.9250
18813.0500
18898.5000
18986.9750
19076.6250
19168.9250
19263.1000
19358.1000
19455.4500
19553.1500
19654.8500
19758.4750
19865.3500
19976.2000
20091.6750
20214.8250
20367.4750

