4648.1750
4734.0750
4814.2500
4890.6250
4963.3500
5037.3000
5109.2500
5178.9750
5249.8000
5317.2750
5383.6250
5449.5500
5512.9000
5576.8250
5638.4000
5700.0250
5761.8500
5821.3750
5880.7250
5939.7500
5998.2000
6056.2750
6114.0500
6171.6000
6228.8750
6284.5250
6340.9750
6396.7250
6452.3000
6506.5500
6561.9250
6614.9750
6670.5000
6723.7750
6776.3250
6829.8500
6882.7250
6935.5500
6987.5750
7038.9500
7091.1250
7142.7750
7194.3000
7245.5500
7296.5250
7347.1750
7397.2750
7448.1500
7496.9000
7548.1500
7597.8000
7647.1750
7696.9500
7745.8500
7795.0500
7843.7250
7891.1000
7940.7250
7988.9250
8037.7500
8085.2500
8134.2250
8181.8750
8230.7000
8277.2000
8324.5750
8372.6250
8419.2000
8465.2750
8512.5250
8559.0500
8605.3500
8653.1000
8699.1000
8745.4750
8791.9250
8838.1250
8884.6000
8930.0000
8975.7500
9022.7750
9068.4750
9113.5500
9159.0750
9204.0250
9249.1500
9295.1250
9339.8750
9383.8250
9428.6250
9473.8000
9517.4750
9563.1750
9607.6500
9653.3750
9696.9250
9742.7000
9785.7750
9829.8500
9874.5750
9918.6750
9962.3250
10005.8000
10050.8000
10093.6750
10137.2250
10181.6500
10223.8500
10267.3250
10311.2750
10353.1750
10396.4250
10439.9500
10482.8750
10526.1750
10568.8750
10610.7750
10654.9250
10697.4250
10739.8500
10783.6750
10826.4500
10868.4500
10911.0500
10954.0000
10996.4500
11038.5000
11080.7500
11123.2750
11165.3250
11208.0750
11251.1250
11294.8500
11337.3500
11379.9000
11422.7000
11465.9750
11509.7750
11552.2250
11595.5500
11639.2500
11682.4750
11726.0250
11770.7500
11815.8750
11860.0750
11904.0000
11949.2000
11992.6500
12038.5250
12082.3000
12127.7000
12172.4000
12217.9750
12264.1250
12308.5750
12354.1000
12399.3750
12445.2000
12490.4250
12535.8500
12582.8750
12629.3750
12674.4500
12721.5250
12768.6500
12815.2750
12862.6750
12909.6000
12956.6000
13003.4250
13051.0500
13098.8000
13147.3750
13195.0000
13241.6750
13290.4000
13338.3500
13386.4750
13435.4250
13484.3500
13534.8500
13583.5750
13633.6500
13682.8500
13733.1750
13783.3000
13833.2750
13883.5000
13934.0000
13984.5000
14036.2500
14086.8750
14139.8250
14191.5250
14242.8750
14294.7750
14347.4250
14399.4250
14451.9000
14505.1250
14557.0750
14611.5000
14665.7000
14720.1250
14775.6000
14830.4500
14884.7000
14939.9000
14995.7000
15052.0250
15109.2750
15165.8750
15223.2500
15279.4000
15337.8000
15396.3750
15455.8250
15514.7500
15574.8000
15634.0250
15694.0750
15756.7500
15817.1000
15879.2750
15941.7250
16004.3750
16067.6250
16133.2000
16197.1000
16262.6000
16327.6250
16395.5500
16463.3500
16532.3500
16601.3500
16671.9250
16742.2750
16815.7750
16890.0250
16965.6250
17042.3000
17122.6000
17202.0750
17285.8000
17370.9250
17459.1000
17552.1750
17647.8500
17744.2750
17846.7000
17956.3500
18073.8500
18198.7500
18327.3750
18469.0250
18636.2500
18830.5000
19179.8000

