5035.8750
5119.5250
5198.1750
5274.8750
5348.3000
5421.6250
5493.1000
5562.1000
5630.3750
5697.0500
5761.1000
5826.8750
5890.3000
5952.0000
6011.2000
6072.5750
6132.4000
6192.4750
6251.5250
6310.9500
6367.3250
6425.9500
6483.1250
6540.4750
6596.6500
6651.7500
6707.3000
6762.1500
6817.4000
6871.6500
6926.2750
6979.6750
7032.5500
7086.1500
7138.9500
7191.4250
7243.0000
7293.7500
7346.1500
7398.4250
7450.6750
7502.0750
7553.3250
7604.5500
7655.4500
7705.8500
7756.8000
7806.5250
7856.5250
7906.3500
7955.6000
8005.0500
8054.4000
8103.7250
8152.3000
8200.6750
8249.9000
8296.9750
8345.8750
8393.5250
8442.3250
8488.4750
8536.0250
8583.4250
8630.6000
8678.1250
8725.1250
8771.9500
8818.7750
8866.0250
8911.3250
8957.0000
9003.3250
9050.2000
9096.3250
9142.5250
9188.8750
9233.4250
9278.8250
9324.3500
9368.9250
9414.3500
9460.1250
9505.4250
9549.3000
9595.1250
9640.4500
9684.4500
9727.9000
9771.5750
9816.0250
9860.0750
9904.1500
9949.0000
9992.8500
10034.9250
10078.5000
10123.6000
10167.4000
10209.4250
10253.7250
10297.3000
10340.8000
10383.3750
10426.9000
10469.7750
10512.9250
10555.0500
10597.4750
10640.2000
10683.1000
10725.4000
10768.1500
10810.8750
10852.2000
10895.6000
10937.6500
10979.6000
11021.0250
11064.1000
11105.6750
11148.7250
11190.6500
11234.3000
11276.2750
11319.2000
11361.7500
11405.2500
11448.8250
11492.3500
11535.6500
11579.9750
11623.4250
11666.9000
11711.5750
11755.5500
11800.1000
11844.6500
11889.7000
11934.0500
11978.2500
12023.4750
12067.6500
12113.2000
12158.0000
12202.9750
12249.2000
12293.9250
12340.1750
12386.0250
12431.7000
12478.7000
12524.8000
12571.8750
12618.2250
12665.5750
12712.8750
12759.7250
12805.9750
12853.6750
12900.9750
12948.6500
12997.1750
13044.3500
13093.1000
13140.7000
13190.1750
13238.4500
13286.8250
13335.9000
13384.7750
13435.1500
13484.2500
13532.7250
13582.8000
13632.8750
13682.9500
13733.7500
13784.2250
13835.5250
13886.7750
13939.1250
13990.4000
14041.4000
14093.7000
14145.4000
14198.2500
14249.7000
14302.9750
14355.3500
14409.1000
14462.1000
14515.2000
14569.1750
14623.9750
14678.4500
14734.1250
14790.2000
14846.7000
14903.7500
14960.1500
15017.9250
15074.5000
15133.4250
15190.3750
15249.2250
15308.5750
15368.0750
15428.1750
15488.2750
15550.2000
15612.6500
15675.9500
15739.0500
15801.9500
15865.4250
15930.2500
15994.4500
16061.0250
16126.9250
16193.7500
16262.0000
16331.0750
16399.9750
16470.5000
16542.6000
16616.0750
16691.9500
16769.3750
16847.5750
16929.3000
17012.1000
17098.9250
17186.3000
17281.7250
17379.8500
17483.8000
17594.6500
17717.8000
17848.3750
18003.8750
18190.7000
18618.8500

