1867.3250
2055.5000
2214.6250
2361.6750
2493.2250
2619.0750
2731.7000
2840.5250
2939.4750
3030.9750
3113.8000
3189.0750
3259.9500
3329.7000
3398.7250
3465.7000
3532.6750
3598.5250
3662.8500
3727.2250
3790.4750
3852.7250
3913.7000
3974.1500
4034.5000
4093.4000
4152.3250
4210.2500
4267.7000
4324.1250
4380.7000
4436.0500
4491.1000
4546.7500
4601.0250
4655.5250
4710.1250
4762.8750
4815.4750
4869.0000
4921.8250
4974.8000
5027.8750
5079.8750
5132.1250
5184.1250
5235.7000
5286.7500
5338.7250
5389.4750
5439.5000
5490.7750
5540.8000
5591.6000
5641.1500
5690.9000
5740.9000
5790.4500
5840.1500
5888.4500
5938.0500
5988.6000
6036.2750
6085.9750
6133.2500
6181.8500
6229.8500
6278.2750
6327.6250
6374.6500
6422.0000
6470.9750
6518.0750
6564.2250
6612.8000
6659.1750
6706.3000
6753.6750
6801.1000
6846.9500
6894.7000
6940.2500
6988.1500
7033.9750
7080.8000
7127.1750
7172.9000
7218.7500
7265.0000
7308.9250
7355.6500
7401.7500
7447.9750
7493.2000
7538.8750
7583.8250
7628.0500
7672.4250
7717.3500
7762.0500
7807.4750
7852.5000
7896.3000
7942.2500
7985.7250
8028.9000
8073.4500
8119.0750
8162.2500
8205.6750
8249.7500
8294.1250
8338.2750
8382.2500
8425.0750
8469.7750
8514.7500
8559.4500
8603.1250
8647.9250
8690.1000
8734.5000
8777.1000
8821.8250
8864.0000
8908.1500
8951.2000
8993.1500
9037.3750
9080.8750
9122.5000
9164.3250
9207.8750
9251.0750
9293.7250
9336.5000
9378.6250
9420.1000
9463.9750
9504.6250
9549.0750
9591.2250
9634.6750
9676.2500
9718.7250
9761.3750
9804.2250
9843.7500
9886.5500
9928.2000
9970.3750
10012.0000
10054.9000
10095.1000
10136.6500
10178.2250
10219.9250
10261.2500
10302.7250
10343.5750
10384.7750
10425.8750
10467.0000
10507.3750
10548.8000
10590.9750
10631.6250
10672.1250
10713.8000
10754.3500
10795.2000
10836.3500
10877.0750
10918.5000
10958.4000
10998.3000
11039.8250
11081.3000
11121.4000
11163.8250
11204.5000
11244.4750
11286.1250
11327.7500
11371.6000
11413.7750
11456.5750
11499.5250
11541.6500
11582.7250
11623.1750
11665.7750
11708.3500
11749.6500
11792.3500
11835.3250
11877.7500
11919.3000
11962.4500
12006.3000
12048.4750
12091.5750
12135.8500
12177.8750
12220.2250
12265.3500
12307.6000
12350.6750
12395.4500
12438.0750
12482.5250
12526.2250
12569.2750
12613.8000
12657.6000
12703.0250
12747.2500
12792.7750
12836.5250
12880.7500
12926.3250
12971.2500
13014.6000
13062.4500
13106.6000
13152.7750
13197.5500
13243.0250
13288.6750
13334.2500
13380.1500
13425.6750
13471.3500
13518.0000
13562.9500
13609.4500
13655.5750
13701.0750
13748.5750
13795.8750
13843.1000
13890.3750
13937.1500
13984.9000
14031.7000
14078.3500
14127.3500
14174.4500
14223.2750
14271.5250
14320.3750
14369.2750
14417.9750
14466.4000
14515.4500
14565.2250
14614.3500
14663.7750
14712.7500
14762.7000
14812.6000
14862.5250
14913.5750
14963.5250
15014.5000
15065.2000
15116.3000
15167.5250
15218.5500
15269.8750
15320.6000
15371.6750
15423.2500
15477.2500
15529.3750
15581.4000
15634.9000
15687.5250
15741.0000
15794.1750
15847.8500
15900.7250
15954.1750
16009.7500
16064.7750
16118.3000
16173.2750
16228.4000
16284.8500
16340.9000
16397.1250
16454.2250
16510.8250
16567.2500
16625.2500
16683.6750
16741.5500
16799.7250
16857.9750
16918.1750
16976.8000
17037.1500
17096.4000
17158.0000
17218.0500
17280.6750
17343.0000
17404.0000
17467.4750
17530.9250
17594.8750
17658.8750
17724.5500
17789.5000
17856.5250
17922.5000
17989.7500
18059.0000
18127.8250
18198.0250
18268.8000
18340.5750
18412.7000
18488.9500
18566.4000
18643.9500
18723.4000
18803.5750
18887.3750
18973.1750
19060.7750
19148.3000
19238.4250
19330.2500
19423.0500
19518.6250
19614.6750
19713.4500
19814.4250
19916.9750
20023.0750
20132.9500
20248.9000
20377.7500
20586.5250

