4837.5500
4920.0250
4999.7500
5074.3250
5148.2750
5221.7750
5292.7250
5362.7000
5432.3000
5499.1750
5565.0000
5628.8500
5693.7250
5756.2750
5819.1750
5879.2250
5939.7000
5999.7000
6059.3000
6118.4250
6175.4250
6233.7250
6290.2750
6347.0000
6403.5250
6459.9000
6515.9250
6572.0000
6627.8500
6682.9000
6737.3500
6791.2000
6844.1250
6898.2500
6951.0750
7004.3000
7057.3750
7108.9000
7160.7750
7212.6250
7263.9500
7315.7000
7366.8750
7418.3500
7468.9750
7519.8750
7570.7750
7622.3250
7672.5000
7722.5000
7771.6250
7821.0250
7871.2500
7919.9000
7968.8000
8017.4750
8065.4250
8113.9250
8162.2000
8210.7500
8257.7500
8305.9000
8353.9000
8401.1750
8448.7000
8495.1500
8542.8500
8589.6750
8636.5500
8682.7500
8729.4500
8776.0750
8823.0000
8868.8500
8914.7500
8961.2250
9007.1000
9052.7250
9098.6250
9145.1250
9190.1750
9234.6750
9281.0250
9326.5750
9370.8750
9415.1500
9460.0500
9504.7500
9549.3750
9593.9750
9639.0000
9683.1000
9728.0250
9773.6750
9817.0250
9861.0500
9905.1000
9948.8250
9993.5250
10037.0250
10080.8500
10124.5250
10167.7000
10211.4500
10254.6500
10298.9500
10341.6250
10385.2750
10428.3750
10471.4250
10514.1750
10556.4750
10600.1000
10642.4750
10685.1250
10728.0750
10769.6000
10812.0500
10854.7250
10896.8750
10938.5500
10980.5500
11021.7250
11064.2500
11107.5750
11150.6250
11192.6250
11234.7500
11277.4000
11319.9750
11362.8750
11406.7750
11450.1000
11493.8000
11537.7250
11581.4000
11624.5500
11668.3500
11710.7750
11755.7000
11799.6000
11844.1000
11889.0250
11932.4500
11978.2500
12022.5250
12066.9500
12112.0500
12156.9000
12201.8250
12247.9250
12292.9000
12339.0250
12383.9000
12431.2500
12476.1750
12522.6000
12569.0750
12615.4000
12661.6750
12707.9500
12755.4000
12802.0250
12849.3750
12896.5750
12943.8250
12990.9500
13038.6500
13086.9000
13134.3750
13183.1750
13231.3000
13279.2500
13327.6500
13376.4500
13424.9500
13473.6250
13523.5000
13573.1250
13623.7500
13672.0250
13721.6250
13772.3000
13822.9250
13872.2750
13923.7250
13975.5250
14026.2000
14077.3500
14129.2500
14180.1500
14233.4000
14286.5500
14338.9750
14391.4500
14444.6250
14498.4000
14551.3750
14606.0750
14660.0000
14714.3750
14769.3250
14825.2000
14880.4250
14936.6500
14993.2750
15048.9500
15107.3500
15163.8500
15222.3250
15281.0000
15340.5500
15399.1750
15457.9500
15517.7750
15577.5750
15639.2000
15699.9500
15761.7500
15824.4250
15888.0000
15949.9250
16013.2250
16078.4000
16143.7000
16209.0750
16275.8000
16344.4500
16413.0750
16483.3250
16553.4000
16624.9250
16697.0500
16771.9250
16847.5000
16924.7250
17006.3000
17087.3750
17170.9500
17257.8250
17348.8250
17441.6000
17540.0000
17642.4000
17751.0750
17868.8750
17997.1500
18134.4000
18285.5750
18482.6250
18778.6000

