2885.6000
3028.6750
3150.5000
3255.4250
3345.6000
3426.9000
3503.9750
3579.0750
3653.2000
3726.5750
3797.6750
3868.9750
3939.7500
4009.2500
4078.0750
4145.4750
4213.0000
4278.6750
4343.6750
4408.1250
4472.2750
4534.3750
4596.3250
4656.0250
4717.4500
4777.0000
4836.2000
4894.2250
4952.4750
5009.6500
5065.7000
5122.2250
5178.6000
5233.9500
5288.7500
5343.8000
5398.5750
5452.5500
5506.4250
5560.4500
5613.0500
5667.0000
5720.8000
5773.3000
5826.2250
5879.2750
5931.5250
5982.6500
6034.7500
6087.0500
6138.2000
6189.3500
6240.2000
6290.8750
6342.1500
6392.3000
6442.4250
6492.6000
6542.4250
6592.3500
6641.5500
6691.4000
6740.8000
6791.1500
6839.8500
6888.2500
6937.5500
6985.6250
7035.1750
7083.1500
7131.4500
7180.0250
7227.5750
7275.8750
7322.8750
7371.6500
7419.5000
7465.4500
7513.2500
7559.2750
7607.0750
7653.2750
7700.1750
7746.5750
7793.6500
7841.0250
7887.0250
7933.2500
7978.6500
8025.6500
8072.0500
8118.1000
8163.9750
8210.0250
8255.9000
8301.0500
8347.7750
8393.1000
8438.3000
8484.4250
8530.3000
8574.9000
8619.2750
8664.1250
8709.5000
8754.7000
8800.5250
8845.0000
8889.1500
8934.0250
8978.0500
9023.0250
9067.8750
9112.4250
9156.9250
9199.9250
9244.6250
9288.5750
9332.1000
9375.1000
9419.9750
9463.9500
9507.1000
9551.3000
9595.0000
9638.5500
9682.4250
9726.0750
9769.7500
9811.9750
9856.3000
9898.5000
9941.9500
9984.8000
10028.5000
10072.1500
10114.6000
10157.1000
10199.4500
10242.0500
10284.4500
10327.4500
10371.2500
10412.9750
10456.2000
10499.4750
10541.7000
10584.6250
10627.8500
10669.9500
10712.1250
10755.0000
10797.3250
10840.1750
10882.0250
10923.7500
10965.6500
11008.6500
11051.8250
11093.8750
11135.1250
11177.9500
11220.5250
11263.3500
11305.9750
11349.1500
11391.7250
11434.7000
11477.8500
11521.3000
11564.6500
11607.6500
11651.8000
11694.5500
11738.8500
11781.8750
11827.4000
11871.2250
11913.6000
11958.9000
12003.3500
12046.9000
12091.5250
12135.1000
12180.6750
12224.4500
12268.7000
12314.0500
12359.4500
12403.7500
12449.3000
12494.3500
12538.6500
12583.4500
12628.7250
12674.3000
12720.5250
12768.2500
12811.6500
12858.0750
12904.8250
12951.1000
12997.4750
13045.0000
13090.7000
13137.6000
13184.7250
13231.9500
13279.0500
13326.0000
13374.9750
13422.0250
13469.2250
13517.0000
13566.0250
13613.6750
13661.3250
13709.1750
13756.8250
13806.5250
13855.8500
13903.9000
13953.4500
14002.3750
14053.2750
14103.4250
14152.9750
14202.9750
14252.9000
14304.3750
14354.2750
14406.0000
14456.2250
14506.6500
14558.0000
14609.6250
14660.6250
14711.9250
14764.4000
14816.0250
14868.1250
14919.4750
14972.6000
15025.1500
15076.9250
15130.8750
15186.0750
15239.7750
15293.8000
15347.7750
15401.8750
15455.4750
15510.5500
15566.8500
15622.4000
15677.6250
15733.9000
15790.1500
15846.7000
15903.3250
15960.9500
16018.2750
16076.0000
16133.2750
16192.5750
16251.1500
16310.4500
16371.2000
16429.8000
16490.5500
16551.1250
16612.4500
16673.9000
16735.6000
16797.6000
16861.0500
16923.5250
16987.4750
17051.0750
17116.4500
17181.2500
17247.8500
17313.8000
17381.4250
17450.2250
17519.7750
17589.7750
17660.9750
17733.7750
17807.5500
17883.6500
17960.1500
18038.2750
18117.6000
18198.9000
18281.7500
18365.8250
18451.5250
18539.9750
18628.8750
18719.1000
18812.7750
18906.8750
19004.4500
19101.5500
19202.7000
19305.2000
19409.4750
19516.6500
19629.7250
19746.5500
19868.6750
20000.0000
20147.5250
20366.0000

