3073.8750
3208.9250
3319.5500
3413.4500
3498.0750
3576.0000
3651.9250
3726.4250
3800.3500
3873.3750
3944.5750
4015.6750
4084.2500
4153.7000
4221.5250
4289.1500
4356.3000
4422.1500
4487.1500
4551.5500
4614.6750
4676.9000
4738.9250
4800.1750
4859.9500
4919.7500
4978.1250
5036.4750
5094.0000
5151.2000
5207.8000
5264.6500
5320.9750
5376.8750
5431.8500
5486.3250
5540.5750
5595.4000
5649.2500
5702.8750
5755.9000
5808.9500
5862.8500
5915.0500
5968.7500
6020.5250
6072.4500
6124.3250
6177.1250
6228.3000
6279.3250
6330.8000
6381.1500
6432.0750
6482.0250
6532.8750
6583.6500
6633.1250
6683.4750
6732.2000
6782.1250
6832.6750
6882.4250
6931.7500
6980.2000
7028.4500
7077.5750
7126.0000
7174.7000
7223.4750
7270.6500
7319.3250
7367.9500
7414.1750
7462.3250
7509.8750
7558.8500
7605.5750
7652.8500
7700.1500
7746.6750
7794.2500
7842.7250
7888.5000
7935.1000
7982.4000
8028.9250
8074.2000
8120.3500
8166.5750
8213.5750
8259.7750
8305.6250
8350.9500
8396.8250
8442.6750
8488.2500
8534.0750
8579.8000
8625.6000
8671.6250
8716.1250
8762.2250
8807.4750
8852.1500
8896.9250
8941.4750
8987.0250
9030.8000
9075.8500
9121.1250
9165.7500
9210.2000
9255.5500
9299.0750
9343.6000
9387.6500
9432.8000
9477.4250
9520.4250
9565.9750
9609.8750
9654.8250
9698.0250
9742.0000
9785.3750
9829.0750
9872.9500
9915.9250
9959.3000
10002.4750
10045.9750
10087.8250
10130.9250
10173.8500
10216.7000
10260.7250
10303.3500
10346.1500
10389.5750
10432.2750
10475.3000
10518.5250
10561.1000
10603.1250
10644.9750
10687.0250
10729.1500
10771.9500
10812.7500
10854.4000
10895.9250
10938.7250
10981.3000
11023.1500
11065.1500
11108.0500
11150.3000
11193.3500
11235.8000
11278.2500
11321.3750
11363.9000
11406.9750
11450.5500
11493.1500
11537.3000
11579.9250
11623.5250
11666.4500
11710.2000
11753.7500
11798.8750
11842.2000
11885.9500
11931.0750
11974.5250
12018.4750
12062.7500
12107.1250
12151.7500
12196.5500
12241.4250
12287.2500
12331.9750
12378.7750
12423.4750
12468.5250
12513.3250
12559.4250
12604.5000
12650.8750
12697.1500
12742.6250
12789.6000
12835.0750
12881.1000
12927.4250
12974.4250
13021.8500
13067.6500
13113.7750
13161.2500
13208.5500
13256.6000
13304.6000
13351.2750
13398.8500
13445.5750
13493.6750
13542.2250
13590.7250
13638.4000
13687.6750
13734.8750
13783.4000
13832.5750
13881.0500
13931.3500
13980.8500
14031.2000
14080.2500
14129.4750
14180.3750
14230.3250
14280.4500
14330.4500
14381.7750
14432.3250
14483.0750
14535.2750
14586.0750
14637.7000
14689.6750
14741.6750
14793.8250
14846.4250
14898.8500
14952.3500
15005.4500
15058.0000
15111.3000
15164.5250
15219.1500
15272.9750
15327.8750
15382.7250
15437.4750
15492.6000
15548.1750
15604.7250
15661.8500
15718.1000
15774.4250
15830.7000
15888.1500
15946.5500
16004.9500
16063.5500
16121.4500
16179.4000
16238.9250
16298.5500
16358.2500
16417.9500
16477.7250
16539.7250
16600.7500
16663.1750
16726.0000
16788.5500
16852.9750
16916.6750
16982.5500
17047.9250
17113.5750
17180.1500
17247.5250
17315.4000
17383.9000
17453.0000
17523.4500
17595.7500
17669.6000
17742.2500
17817.9500
17894.7750
17973.5250
18054.0500
18135.2750
18219.9500
18304.6250
18390.1500
18478.6000
18568.8000
18661.7000
18756.1750
18849.6000
18947.8500
19046.5750
19146.4250
19251.3500
19359.7500
19470.6000
19584.1750
19705.6250
19833.6250
19968.6250
20119.9500
20332.1500

