2023.9000
2201.6250
2364.1750
2504.7500
2635.3750
2756.0500
2867.6000
2970.5000
3062.3000
3145.8250
3223.6500
3296.4500
3367.5250
3436.7000
3505.1250
3572.3750
3637.8750
3702.9500
3767.1000
3831.0750
3895.1250
3956.8750
4018.0250
4078.0500
4138.2000
4197.7000
4256.0500
4315.2250
4372.2250
4429.6000
4485.7750
4541.6750
4597.4750
4652.5500
4707.9750
4761.6000
4815.5500
4869.6750
4922.8500
4976.4500
5028.7250
5081.2250
5134.4750
5187.0000
5239.4500
5290.9250
5342.5250
5394.0000
5445.0750
5496.6750
5547.4250
5598.3750
5648.4000
5699.0000
5748.6500
5799.9000
5849.1000
5899.2000
5949.3250
5998.7750
6047.3250
6097.1500
6145.6250
6194.6000
6243.4250
6292.2250
6339.3500
6389.0250
6436.9750
6484.8250
6532.4500
6580.1250
6627.4000
6675.5250
6722.7750
6770.2000
6817.4000
6865.1750
6911.6500
6957.9500
7006.4500
7052.9250
7099.3500
7145.7500
7191.8000
7238.4000
7285.5250
7331.8500
7377.9500
7424.2250
7470.8500
7516.8500
7561.2000
7607.8000
7652.6250
7698.6250
7742.9500
7788.2000
7833.7500
7878.5750
7924.4500
7968.9250
8013.9250
8058.9000
8104.0250
8146.7250
8192.6750
8237.7750
8282.3000
8325.9250
8370.5500
8414.2750
8458.9000
8503.4000
8546.8750
8591.0500
8634.7500
8678.4750
8722.1000
8766.5000
8808.4500
8852.5250
8897.2250
8940.1250
8983.9000
9027.1000
9071.0500
9114.7000
9157.9500
9199.8500
9243.9000
9286.9750
9330.2000
9373.0000
9414.9500
9458.5250
9501.6500
9544.1000
9586.7750
9628.6750
9671.9750
9713.7000
9757.6250
9799.2500
9841.3250
9883.2750
9924.5000
9967.2250
10010.3000
10052.6250
10094.8000
10137.0750
10177.1750
10220.8750
10262.3000
10304.4500
10346.8750
10388.1500
10430.2250
10472.7250
10514.5250
10555.4250
10596.9500
10636.8750
10679.3750
10720.6250
10761.4750
10802.7000
10842.8750
10885.7250
10927.2250
10967.3500
11007.7000
11049.2750
11089.1750
11131.3000
11171.8000
11213.5000
11254.8500
11296.8250
11337.8750
11379.6250
11421.4500
11463.4500
11504.5500
11548.1500
11590.3750
11633.3500
11676.9000
11718.7500
11761.2750
11803.9000
11847.4750
11889.5500
11934.0250
11976.5000
12020.1000
12062.7000
12106.3750
12150.4250
12192.3500
12236.6750
12279.3250
12322.6750
12365.9750
12409.8500
12453.6250
12499.2250
12544.5250
12588.5250
12632.4000
12677.0250
12722.3750
12766.5250
12811.2750
12857.1000
12902.8000
12946.9750
12992.7000
13038.1750
13083.2000
13129.6000
13174.4000
13221.3250
13265.9750
13313.2750
13360.4500
13406.0000
13453.0500
13498.8500
13546.0000
13593.4750
13639.7250
13686.6750
13733.6250
13781.3500
13828.1500
13876.0500
13923.4750
13970.5000
14018.9750
14067.8000
14115.1500
14163.2000
14211.1250
14260.6500
14309.7750
14359.0500
14407.6000
14457.7250
14506.5250
14556.4000
14605.8000
14655.0250
14704.7250
14755.5750
14805.4750
14855.9250
14905.9750
14957.1750
15008.0500
15058.2000
15108.8500
15161.4500
15212.1250
15264.3000
15316.0750
15368.6000
15420.1500
15472.9250
15524.8250
15578.4500
15632.2000
15685.1750
15740.0250
15793.9250
15847.6000
15902.1500
15956.3750
16011.4500
16066.8500
16122.0500
16178.8500
16234.7750
16290.7000
16348.0250
16404.3250
16462.8000
16519.5500
16577.7250
16636.2250
16693.9000
16754.2750
16812.9000
16872.8250
16932.5250
16993.1500
17053.9250
17114.6250
17175.6500
17238.6500
17300.6250
17364.5250
17428.3250
17492.5750
17556.8000
17622.5750
17687.4750
17753.4750
17819.7500
17886.7250
17955.5750
18026.0000
18096.0250
18166.6250
18239.4750
18312.7000
18387.9000
18464.4000
18540.8750
18620.3250
18702.0750
18784.2250
18869.3000
18954.3500
19042.8500
19132.9750
19223.9000
19316.0750
19410.4250
19507.5250
19605.8250
19705.4000
19809.4000
19914.4750
20023.4750
20136.5750
20258.5500
20404.6500

