4432.3750
4518.2500
4597.9250
4674.9250
4749.7250
4823.2000
4895.1750
4967.4750
5035.5000
5103.5750
5170.7250
5237.8250
5302.3250
5367.1750
5431.2500
5494.9000
5556.3750
5616.9500
5677.7250
5737.2750
5795.2750
5853.4500
5910.5250
5968.5250
6025.6000
6082.2500
6138.4250
6194.0750
6248.7750
6303.5750
6358.9750
6413.0000
6467.2000
6520.7000
6576.1250
6629.9500
6683.8000
6736.7500
6789.2500
6841.7250
6893.1000
6945.9000
6997.5000
7049.1750
7099.8250
7151.1250
7201.2250
7251.5500
7300.9000
7351.4500
7401.9250
7451.6500
7500.9500
7550.7000
7600.5250
7649.6000
7698.6750
7747.7250
7796.2500
7846.0000
7893.2000
7941.4250
7990.1750
8037.2250
8084.5500
8132.3250
8180.7750
8227.1750
8274.6250
8321.7750
8368.9500
8416.1500
8463.5000
8509.3000
8556.3500
8603.0500
8649.3500
8695.7250
8742.2250
8787.7750
8835.1750
8881.0000
8926.1250
8971.1250
9017.0500
9062.9250
9108.2750
9153.8500
9199.5750
9245.0250
9289.8000
9334.3500
9378.7750
9424.9250
9470.6750
9515.5000
9559.3250
9603.9000
9647.7250
9692.6000
9736.2250
9780.6750
9824.6000
9869.8750
9913.2500
9956.7250
9999.7000
10043.7750
10087.0750
10129.7250
10173.2000
10216.1500
10259.2000
10302.5250
10345.1250
10388.1750
10432.6750
10474.7750
10518.1500
10560.2750
10602.6250
10645.5750
10688.8250
10731.0750
10772.7250
10814.7000
10858.1500
10900.3750
10942.9250
10984.9500
11027.4000
11069.2500
11111.9750
11154.8250
11197.9750
11241.0000
11284.1750
11327.2750
11369.9500
11413.7000
11457.7500
11501.3500
11544.9000
11588.5250
11632.0500
11675.3250
11719.6000
11764.1250
11807.7000
11852.5500
11897.1250
11941.6750
11985.8750
12030.4000
12073.8000
12119.4750
12164.2250
12209.5250
12254.2250
12299.5500
12344.9750
12390.3500
12436.6500
12482.4000
12529.0250
12576.1000
12622.6750
12668.6250
12716.1250
12762.8500
12808.7750
12855.8750
12902.7250
12948.9750
12997.0250
13044.9000
13091.7750
13140.3500
13188.3750
13235.7750
13284.0250
13332.4000
13380.3000
13428.7250
13476.9750
13526.4750
13576.0250
13625.9750
13675.1250
13725.0750
13774.5000
13824.1750
13874.0000
13924.5500
13976.5250
14025.9500
14077.5500
14128.6250
14179.4500
14230.7250
14282.5250
14334.7000
14388.0750
14441.1750
14493.5750
14546.6500
14599.3500
14653.3000
14707.7500
14761.9500
14816.2000
14869.4250
14924.1000
14978.6000
15035.6500
15090.8250
15147.2250
15203.7250
15260.0000
15318.0500
15375.8250
15433.6250
15491.8500
15550.6750
15608.8250
15669.7250
15728.4750
15788.4750
15849.4750
15911.2500
15972.9500
16034.5250
16096.5750
16158.9250
16222.6000
16287.8250
16353.1000
16419.9000
16486.6250
16553.1750
16622.0250
16690.1250
16762.4500
16833.3500
16905.9250
16979.6750
17054.8000
17131.6000
17209.8000
17289.9250
17370.7750
17455.3750
17540.4250
17631.3250
17723.7500
17819.7500
17917.9750
18018.4750
18127.7000
18240.2750
18357.6000
18483.5500
18616.2750
18767.1500
18932.9250
19133.7500
19468.8000

