5242.4500
5326.4000
5406.6500
5481.2500
5554.8250
5625.8250
5696.7750
5764.5500
5830.4000
5896.6250
5961.3500
6023.8500
6086.2750
6148.6500
6209.0000
6269.4000
6328.3250
6388.3250
6447.8000
6506.4250
6563.1500
6620.8250
6675.7000
6732.5750
6789.6250
6845.1750
6901.3000
6955.6750
7009.3750
7064.2250
7118.4500
7171.3000
7224.7000
7278.5500
7330.3250
7383.7000
7436.0750
7488.0000
7541.2000
7592.6750
7643.1250
7694.1750
7745.1250
7796.0250
7846.3750
7897.3000
7946.5500
7996.4750
8045.4000
8094.0750
8143.3000
8192.2000
8241.3250
8290.1000
8338.0000
8386.8000
8434.9000
8482.1750
8529.3000
8577.2500
8624.2250
8671.9750
8719.7500
8766.3750
8813.5500
8859.8000
8905.7500
8951.7500
8998.2500
9044.0250
9090.2500
9136.5000
9182.2500
9229.0750
9274.4500
9319.8500
9365.4750
9409.9750
9456.6250
9500.7500
9545.1000
9590.5500
9635.6000
9679.1000
9724.3250
9768.4750
9813.3000
9857.0250
9901.4000
9945.8500
9990.0250
10034.0250
10077.7000
10121.1500
10165.4750
10209.2500
10252.9750
10295.6250
10339.5500
10382.9000
10426.0250
10469.3000
10512.0500
10554.5750
10598.1500
10641.0250
10683.2000
10726.4250
10768.6000
10811.2750
10854.6250
10897.1750
10939.8250
10981.6750
11023.7500
11065.5000
11108.0250
11150.4250
11192.9000
11235.2500
11277.7750
11321.6750
11364.2500
11407.2250
11450.6250
11494.2500
11537.3250
11582.1750
11624.6000
11668.0500
11712.0500
11755.3250
11799.3250
11843.4250
11887.5250
11931.3000
11976.0750
12019.8750
12065.0000
12110.2250
12155.1250
12199.4500
12245.1250
12291.0000
12336.5250
12382.6500
12428.9500
12475.1000
12522.2500
12568.0750
12615.0250
12661.9000
12707.7000
12753.6500
12800.5750
12847.4250
12895.8750
12943.8000
12990.6500
13038.6750
13087.1750
13135.6000
13183.5750
13232.3500
13281.4750
13330.6000
13379.4000
13428.9250
13478.3250
13527.3250
13577.2000
13628.1250
13677.9000
13728.7250
13779.5250
13831.4750
13882.0250
13934.3750
13986.4250
14038.1750
14090.1750
14142.2500
14196.8250
14249.0250
14302.3500
14354.7250
14408.6500
14462.6000
14517.9500
14572.9500
14627.2750
14683.2000
14737.9000
14794.8000
14851.5250
14908.2250
14966.0500
15025.6250
15083.5250
15143.4000
15202.3000
15261.5500
15322.6500
15383.2000
15444.8750
15507.4000
15569.8000
15633.2750
15697.1500
15761.8250
15827.1250
15893.7000
15959.5750
16026.6500
16093.1000
16161.3500
16231.1500
16302.2000
16371.4750
16446.9750
16522.8500
16598.2500
16677.1500
16755.5500
16839.3250
16923.9750
17014.1500
17107.6250
17208.2000
17315.6250
17429.3000
17552.3000
17707.4750
17895.3750
18329.0500

