4233.6750
4322.8250
4405.0500
4480.8500
4556.1500
4630.9500
4705.9000
4777.6500
4848.2000
4919.3500
4988.9750
5055.4250
5123.0750
5186.8250
5250.9500
5315.2500
5377.6250
5438.3750
5499.6500
5559.3250
5617.9000
5677.5750
5736.0500
5793.0750
5850.3750
5907.0750
5963.9750
6020.1500
6075.3750
6130.5000
6185.9500
6239.7000
6293.9250
6348.5750
6403.2250
6457.4500
6510.5250
6565.1250
6618.0000
6670.2500
6723.0250
6775.0750
6827.0000
6878.3000
6930.1750
6982.5500
7033.9250
7085.3500
7136.4750
7186.2000
7236.4250
7286.1000
7336.1750
7386.1000
7435.5750
7485.2250
7534.9250
7584.2500
7632.2250
7681.0500
7728.9750
7777.8750
7825.9250
7874.5250
7922.7750
7971.7000
8018.9500
8065.9000
8113.1250
8159.5250
8206.7000
8254.3000
8301.3000
8348.3000
8394.9500
8442.5000
8489.2500
8537.0250
8583.8500
8630.4750
8676.4000
8722.6500
8768.7750
8815.5750
8860.9000
8907.3500
8953.3250
8998.8000
9044.6250
9089.4250
9134.1000
9179.4000
9225.2250
9269.9500
9315.1750
9360.2000
9403.8000
9447.1000
9491.8000
9536.4000
9580.0500
9624.5750
9669.3250
9714.0750
9757.8500
9802.2500
9846.6750
9890.2750
9935.1750
9978.7250
10022.6000
10065.3750
10109.6250
10153.3750
10196.9750
10240.4000
10283.7250
10325.4500
10370.6250
10413.8500
10456.6250
10498.9500
10540.9000
10584.6500
10626.2000
10668.9750
10712.1250
10754.3250
10797.3250
10839.1250
10880.8250
10924.1750
10966.9000
11008.3250
11051.9250
11093.7750
11136.6000
11178.0500
11221.1500
11264.4250
11306.8000
11350.0250
11393.6000
11436.5250
11479.5000
11523.1000
11566.2000
11610.0750
11653.2500
11696.8000
11741.1750
11785.1000
11829.1750
11873.3000
11917.8750
11963.0250
12008.2250
12052.8500
12097.3750
12141.4500
12186.4750
12231.7000
12276.3000
12321.5000
12368.0250
12413.7250
12459.2000
12505.1000
12551.4250
12597.8750
12643.8000
12690.2000
12736.2750
12783.4750
12829.2500
12876.3000
12923.4000
12970.1000
13017.9000
13065.6000
13113.8500
13161.1500
13208.4500
13257.2500
13305.7000
13354.7000
13403.3250
13451.8000
13500.7000
13549.2250
13598.6500
13647.6250
13696.8250
13746.0500
13795.5500
13845.7750
13896.2250
13946.9250
13996.6750
14047.4250
14099.3250
14149.9500
14201.1750
14253.4000
14304.8750
14357.5000
14408.9500
14462.0500
14513.9000
14567.0250
14620.9000
14673.5750
14726.3750
14781.1500
14835.5750
14888.9750
14943.5750
14998.1500
15053.1750
15109.5500
15166.2750
15221.4250
15278.4500
15335.5000
15393.0750
15449.5500
15507.5500
15565.1000
15624.2000
15683.1000
15743.1750
15801.7500
15862.5000
15923.2750
15984.3250
16044.9500
16108.1500
16169.1750
16231.9250
16295.7250
16358.8750
16424.4250
16490.4000
16555.3500
16623.5000
16691.1250
16758.5750
16828.1500
16898.1000
16970.3500
17042.2000
17116.1500
17192.9500
17268.7250
17347.1250
17427.2500
17509.8750
17594.3000
17681.0250
17771.0750
17860.5500
17955.0000
18050.8500
18151.3750
18254.7500
18362.1750
18472.5250
18592.9000
18717.3000
18846.6500
18989.1250
19149.0250
19331.7750
19570.7250

