5678.1000
5769.0250
5861.4750
5944.4500
6024.4250
6102.1000
6177.4000
6253.0000
6324.9500
6400.4500
6473.9000
6548.2000
6619.9750
6692.2500
6763.1500
6834.1000
6902.7250
6973.7000
7041.3750
7111.9750
7179.8750
7249.0000
7316.0250
7382.0750
7450.4000
7516.2000
7582.2250
7649.6500
7715.7500
7780.4000
7843.6000
7906.9500
7968.8000
8033.5750
8095.9250
8159.4000
8220.3500
8281.6000
8343.3500
8407.9000
8470.1500
8530.9000
8591.5750
8653.5500
8713.0000
8775.0000
8834.9250
8896.2500
8956.6000
9017.7750
9076.7250
9135.8000
9195.0750
9252.0750
9312.1750
9369.9500
9428.8500
9489.1000
9549.6750
9608.2750
9666.5250
9724.6750
9782.0500
9839.9250
9898.1500
9954.2500
10012.2250
10068.9250
10125.8500
10181.9000
10238.6000
10296.4250
10352.3000
10408.3250
10464.6250
10519.9750
10576.9750
10631.0000
10687.5750
10742.2500
10797.7500
10851.8500
10907.5250
10961.3000
11015.9750
11072.6250
11127.2000
11185.3000
11241.3500
11299.2500
11357.1750
11413.9500
11472.0750
11530.7500
11589.1500
11648.3000
11705.6000
11761.7750
11822.3250
11882.1250
11943.9750
12004.9500
12065.5750
12129.4250
12192.0000
12255.4750
12318.9000
12382.2750
12445.8500
12511.0250
12574.7500
12641.4250
12706.9500
12775.6500
12845.2250
12912.9750
12983.8000
13051.6500
13122.4000
13192.1500
13262.8500
13332.0250
13405.6750
13480.1500
13555.8500
13631.2250
13707.8000
13784.9750
13860.9750
13940.9250
14022.3250
14109.8500
14195.2250
14284.3000
14368.7500
14456.8000
14550.4500
14646.4000
14750.9000
14856.7750
14963.4500
15080.5750
15216.4750
15357.8000
15506.9750
15761.9250

