2147.8750
2327.5250
2482.7000
2623.3750
2746.5750
2860.8000
2963.0250
3054.4250
3137.1750
3214.3500
3291.5750
3366.4500
3440.3000
3511.7500
3583.5750
3654.7000
3724.7750
3793.4250
3861.6000
3928.0500
3994.0000
4057.9250
4121.4000
4184.9000
4247.8000
4310.5000
4371.0750
4431.1500
4491.5500
4551.8000
4610.8500
4669.8250
4728.9750
4787.1750
4845.9750
4904.7750
4963.0500
5020.4000
5078.2750
5135.8750
5193.3000
5250.7750
5306.6500
5362.7750
5419.4750
5474.9250
5531.1000
5586.7500
5641.9500
5696.7000
5751.7000
5805.5250
5861.9000
5917.1250
5971.4500
6025.7500
6080.6750
6133.3250
6188.4000
6242.0500
6294.6500
6348.7000
6401.1000
6454.7500
6507.9750
6560.7500
6614.9000
6666.2500
6719.0000
6771.1250
6824.7500
6876.0750
6927.7000
6981.2250
7032.6750
7085.4250
7136.9250
7187.9750
7238.7750
7291.6250
7342.7250
7392.9000
7444.5250
7495.4250
7546.6750
7596.2750
7647.5500
7698.7500
7749.8000
7800.6500
7851.1000
7901.5750
7951.4500
8002.5250
8052.4000
8103.5000
8153.4750
8203.2250
8253.5250
8303.8250
8353.9750
8403.7750
8453.5000
8502.6500
8553.4000
8603.3750
8652.9750
8701.5750
8752.0750
8800.7750
8851.0500
8900.5250
8949.7000
8999.3750
9048.7750
9097.6250
9146.4500
9195.7500
9244.7500
9293.7250
9342.0000
9389.8750
9439.0500
9487.5750
9535.7000
9586.2250
9635.5250
9682.5000
9733.1500
9781.2000
9830.4250
9879.3250
9926.6250
9975.0750
10022.0250
10070.4000
10118.7750
10166.5250
10213.6000
10261.5000
10309.2500
10356.6000
10403.9000
10450.0250
10498.4250
10546.5500
10594.9500
10642.0750
10690.2250
10738.7750
10786.6500
10833.8250
10879.8500
10926.9500
10973.7250
11022.1000
11068.4500
11116.3000
11164.8500
11213.0250
11261.6750
11310.5500
11357.6250
11406.6750
11456.3000
11504.8250
11553.6000
11601.9500
11650.9000
11698.8000
11747.8000
11798.2500
11845.2000
11894.6000
11944.6250
11994.0000
12043.8000
12093.1250
12142.7500
12191.5000
12242.7500
12292.0500
12341.7250
12391.8000
12440.8500
12491.2500
12542.0750
12592.1250
12643.9500
12694.1500
12744.9750
12797.1750
12847.8750
12899.5750
12951.7000
13001.8750
13053.4500
13104.8500
13156.0500
13209.7500
13261.2500
13313.6000
13366.1250
13418.1250
13470.1500
13522.8500
13575.1500
13628.1500
13680.7500
13734.5000
13788.2750
13841.9750
13896.4250
13950.9750
14004.8000
14059.3000
14112.9250
14167.5250
14222.4000
14275.5750
14330.4000
14385.8500
14440.1750
14495.0750
14550.1250
14604.7750
14660.7000
14716.1250
14772.2250
14828.4750
14884.4750
14941.2750
14998.0500
15054.0500
15111.7000
15169.2000
15226.4500
15282.0000
15341.0250
15398.6250
15457.2500
15516.5000
15574.2500
15633.4000
15691.7750
15749.6250
15809.2750
15868.7250
15927.9000
15988.8000
16049.2000
16110.0250
16170.0500
16231.5250
16293.6750
16355.2750
16417.5500
16479.7250
16542.4750
16605.5500
16669.2250
16732.2500
16796.9500
16860.7000
16926.2250
16990.6250
17057.5500
17123.2500
17190.5750
17257.5500
17324.5000
17392.7250
17461.0250
17530.0500
17599.9750
17670.5250
17741.8250
17812.6250
17884.6750
17957.7500
18031.3250
18105.3750
18179.6750
18255.5500
18332.4750
18410.2500
18490.6750
18572.7250
18656.0500
18741.0000
18828.3250
18919.2500
19013.7750
19110.9000
19210.5500
19313.7500
19419.7250
19528.5000
19641.6250
19757.9000
19878.9000
20004.1000
20133.7750
20270.6500
20415.0500
20568.4750
20740.4750
20955.5500

