4903.0000
4994.5000
5081.3750
5164.4000
5245.4250
5324.2250
5399.7500
5475.1750
5548.7500
5620.7750
5692.4000
5763.4000
5832.3000
5903.0000
5970.1250
6038.1500
6105.1750
6173.3250
6238.0500
6304.9500
6369.1000
6434.0500
6497.9000
6563.4000
6626.9250
6690.5750
6754.0500
6817.8250
6879.9250
6942.4750
7004.4000
7066.7250
7128.5750
7189.8500
7251.3500
7313.5250
7374.2250
7436.1000
7494.8250
7554.6500
7614.2750
7672.5500
7731.6750
7791.7000
7851.1250
7909.9500
7970.1750
8028.5250
8086.1000
8144.8500
8203.9750
8262.5250
8321.1750
8379.8250
8436.3250
8494.6750
8550.4000
8606.5000
8663.7500
8719.4250
8776.0000
8831.7250
8888.9500
8944.5500
9000.4500
9056.4000
9111.4500
9166.5000
9222.3000
9277.7000
9333.4500
9386.7750
9441.7250
9496.7000
9552.6500
9606.9500
9661.2750
9718.2750
9772.0750
9827.6500
9882.2000
9935.6500
9989.7000
10043.8500
10096.9250
10151.7750
10205.6250
10258.5000
10313.1250
10365.9250
10419.6750
10472.6500
10526.1000
10579.1250
10632.2000
10685.1500
10738.1500
10791.1250
10842.5500
10895.1500
10947.8500
11000.0250
11052.4000
11105.5500
11159.1500
11211.6500
11265.2250
11317.8500
11372.5500
11427.0750
11479.4500
11533.1750
11588.6750
11642.8500
11698.4250
11753.8500
11807.9000
11864.0250
11921.2000
11977.3000
12034.1250
12091.6000
12146.6750
12204.5000
12262.4750
12320.3750
12378.9500
12436.0500
12492.6250
12551.5500
12609.4500
12669.8500
12729.8750
12789.8500
12849.2250
12909.7250
12969.8750
13031.7000
13093.2000
13155.1750
13216.8500
13279.0750
13340.7000
13402.9000
13467.3750
13531.3750
13595.6750
13660.6500
13725.4250
13790.6500
13853.8500
13921.5750
13986.9250
14053.8250
14120.7000
14189.1250
14258.1500
14325.8000
14395.6000
14466.3250
14537.5000
14608.4000
14680.2250
14754.4750
14829.7000
14904.2750
14980.2250
15055.3750
15132.6250
15209.9000
15290.0250
15369.6750
15452.9250
15531.9250
15615.4500
15700.7250
15785.0000
15875.1000
15967.3750
16061.1000
16157.8250
16259.0500
16364.5750
16468.8500
16583.4000
16698.6750
16822.3750
16954.7500
17099.2000
17268.5500
17453.0250
17853.9500

