4522.9250
4612.9000
4697.2000
4779.8000
4860.9500
4939.6250
5018.4750
5094.0000
5169.6750
5242.4250
5316.0750
5387.0750
5456.9250
5524.6750
5594.1250
5662.3500
5729.3250
5794.7750
5860.0000
5924.5500
5989.0750
6053.3750
6118.7500
6183.1000
6246.7000
6310.2750
6374.6750
6438.2000
6500.5750
6563.8500
6626.4750
6687.3750
6749.0500
6810.0500
6869.6250
6930.9000
6991.0250
7052.6000
7113.3000
7173.6500
7232.4000
7291.9000
7352.0750
7409.6500
7468.8000
7527.4250
7585.8250
7642.5000
7700.4250
7757.8250
7815.1000
7872.0500
7929.2000
7986.2750
8043.4500
8100.3500
8156.4250
8213.8000
8270.3000
8326.2250
8382.2500
8438.8500
8494.6000
8550.3000
8605.5750
8661.2750
8716.7000
8771.7750
8826.5750
8880.5500
8935.3000
8989.4750
9044.6750
9098.5500
9154.0000
9206.9000
9261.3500
9315.8500
9369.6750
9422.5250
9476.0000
9529.3000
9582.1000
9634.9500
9688.7250
9741.2750
9795.5250
9848.8500
9901.5750
9954.6500
10007.5750
10060.8750
10113.1750
10166.5000
10218.8000
10270.3500
10322.8250
10375.2500
10428.9750
10480.0250
10532.9250
10585.4000
10637.6250
10688.6500
10739.6250
10790.8750
10843.1750
10894.0500
10945.6500
10996.1500
11047.9750
11099.1750
11150.5250
11202.9750
11255.1250
11307.0250
11360.5500
11414.2750
11467.7500
11521.2750
11575.9750
11628.8250
11683.2750
11737.4000
11792.4500
11846.4750
11900.4750
11954.7250
12010.6250
12065.7000
12119.7500
12176.7000
12231.8500
12288.2750
12345.0000
12400.6750
12455.6750
12512.0500
12569.6250
12626.9250
12682.7000
12739.7500
12797.5500
12855.1500
12914.2000
12972.7750
13030.7500
13089.5500
13148.6000
13207.4500
13267.1250
13327.1000
13387.1500
13448.2750
13508.4750
13570.3000
13631.8000
13694.1250
13756.5250
13818.9000
13882.8000
13946.5500
14009.5750
14072.2000
14136.9750
14201.2250
14266.8250
14330.7250
14396.3500
14463.0000
14530.7250
14598.6250
14665.5500
14731.8000
14799.0500
14869.1250
14938.5250
15009.8500
15080.3750
15153.5500
15224.7750
15299.1250
15373.5750
15445.8750
15519.7500
15595.9000
15673.2250
15751.6000
15831.0000
15911.2500
15991.0250
16073.1750
16153.2000
16238.0250
16323.9500
16412.4250
16501.6500
16593.8750
16687.4750
16781.4750
16878.6000
16981.0250
17085.3750
17199.8250
17312.4500
17437.7500
17567.2250
17707.6500
17860.6250
18076.2750
18381.7250

