4139.7250
4229.9250
4313.7250
4398.2500
4478.8500
4558.9500
4637.5750
4716.1000
4793.1500
4869.0250
4942.9500
5015.9750
5087.2500
5156.7250
5226.4500
5294.5000
5361.8750
5428.7000
5493.6000
5560.4750
5625.2250
5690.1250
5754.1750
5818.9000
5882.8250
5945.0500
6008.7750
6070.9000
6131.9500
6193.3500
6254.6000
6316.1750
6377.0000
6438.3750
6498.7250
6559.1750
6618.7500
6678.4250
6739.4250
6798.5250
6857.4250
6917.2750
6975.3000
7034.0750
7092.0750
7149.3500
7207.5000
7264.9000
7321.5500
7378.8250
7436.5000
7493.7000
7550.9750
7608.6750
7665.5250
7721.6500
7778.0000
7834.0000
7889.7750
7945.7000
8001.9000
8057.6250
8112.5250
8168.8250
8223.5750
8277.9500
8332.8500
8387.0750
8441.0250
8495.5750
8550.4500
8603.9750
8658.4500
8713.9250
8766.9250
8820.6250
8874.7000
8928.1750
8981.8750
9034.5000
9088.3500
9141.7000
9195.4750
9249.0000
9302.2000
9353.1750
9406.8750
9460.4250
9511.8250
9564.8750
9617.4500
9669.8250
9722.2750
9773.8750
9825.9750
9878.5000
9930.8750
9982.8000
10035.0000
10086.1250
10137.9500
10190.2000
10241.3250
10293.0000
10344.5750
10394.3500
10445.9500
10496.9750
10548.2250
10600.2500
10652.5750
10703.7000
10754.3750
10804.5250
10855.4500
10906.6750
10957.0000
11008.7250
11059.4750
11111.0500
11161.2250
11213.0250
11264.2750
11316.0500
11366.3750
11418.9250
11472.3750
11524.6750
11576.7000
11629.4750
11682.2250
11735.4500
11787.0500
11840.6000
11894.0500
11946.7750
12000.1000
12053.2000
12107.2500
12162.0750
12214.0250
12268.9750
12323.1250
12378.2750
12432.3000
12488.6000
12543.8750
12599.1750
12654.0250
12710.2250
12766.4500
12823.4500
12879.7250
12937.3750
12994.0500
13050.7500
13108.5750
13165.9750
13223.9500
13281.6000
13341.0250
13398.0250
13457.7750
13516.1250
13575.2000
13635.0000
13695.7250
13755.5000
13813.9500
13874.4500
13935.2750
13996.2500
14057.0000
14117.0750
14180.3500
14241.6000
14304.5750
14367.0500
14431.5250
14493.9750
14558.2000
14622.5000
14686.5750
14751.1250
14815.1000
14880.5250
14945.6750
15012.8000
15079.3750
15146.3750
15215.4000
15284.5250
15353.0500
15422.5250
15492.6500
15563.0250
15633.9750
15707.0000
15779.6750
15852.9750
15927.3750
16002.2250
16079.4500
16155.3500
16234.1500
16311.9750
16393.3500
16473.1750
16553.2500
16634.3250
16719.1250
16802.7500
16892.0750
16980.4000
17069.9500
17161.2500
17255.9000
17354.1250
17456.3000
17559.4500
17671.1750
17786.4000
17912.5000
18048.7500
18202.2750
18399.2750
18678.7250

