4337.3250
4425.3250
4509.0250
4591.6000
4672.5500
4752.2000
4828.1000
4905.2000
4981.8000
5055.8500
5129.1500
5200.4750
5271.3250
5341.1000
5410.6750
5477.5000
5543.7750
5609.3500
5676.3000
5741.9750
5806.5250
5872.1500
5937.1000
6000.0500
6063.8000
6127.2250
6190.6500
6252.9750
6315.7000
6377.7500
6438.7250
6501.3750
6563.3250
6624.1750
6686.2750
6745.3750
6805.5500
6866.7750
6926.6750
6984.9500
7043.5750
7102.5500
7161.3000
7218.7500
7275.7750
7334.2000
7393.3500
7451.4000
7508.4000
7565.6000
7623.5500
7680.2000
7736.8250
7794.6250
7852.2000
7908.6000
7964.5000
8020.7000
8076.0500
8132.2750
8188.7250
8244.7250
8300.7750
8356.0250
8411.6000
8466.9250
8521.9500
8576.6000
8631.1000
8686.5000
8741.3000
8794.7500
8850.4250
8904.8000
8957.4250
9011.7750
9065.2250
9119.7250
9174.1750
9227.5750
9280.5750
9333.6500
9387.5750
9441.5000
9495.3750
9547.6500
9600.4750
9652.7000
9705.9000
9759.5250
9812.1500
9866.1500
9918.3500
9970.6000
10022.4250
10075.4750
10127.7250
10179.8250
10231.9000
10284.3000
10336.3000
10388.8250
10441.5000
10493.5500
10544.7250
10595.4750
10646.7000
10699.2250
10749.1250
10801.5500
10852.4500
10903.7000
10955.4500
11007.7000
11060.3750
11110.4000
11161.7000
11213.2500
11264.9500
11315.7500
11367.9500
11420.6000
11473.3500
11526.5750
11580.1000
11633.3250
11686.0500
11739.9000
11793.3000
11847.0750
11900.7500
11954.4750
12009.5750
12064.3750
12119.8000
12172.8250
12230.1000
12284.8750
12341.8750
12396.9250
12451.7250
12508.0250
12564.6500
12620.7750
12676.9000
12733.9750
12792.3250
12848.5250
12906.0500
12962.4000
13020.3000
13078.5500
13135.3750
13194.2500
13254.2250
13313.0000
13371.5250
13430.5000
13491.1000
13551.6500
13611.1250
13671.7250
13733.1500
13794.0250
13855.8000
13916.7750
13979.0000
14041.4000
14103.7750
14166.4500
14230.3250
14295.6000
14358.7250
14422.1000
14487.1000
14551.1500
14617.0750
14682.0750
14748.5000
14814.5750
14881.9500
14950.2250
15018.4500
15088.2000
15157.9000
15227.4750
15297.7750
15368.7000
15439.8500
15511.2000
15584.7000
15657.0500
15731.2250
15806.5000
15881.9250
15960.9250
16038.1500
16115.7250
16196.0000
16276.3500
16356.0250
16440.3750
16526.9750
16612.6500
16702.9500
16791.4000
16881.1750
16974.6000
17073.4500
17172.1500
17271.4750
17376.4000
17492.5000
17613.4250
17738.9000
17866.5250
18034.1500
18223.6750
18499.0750

