5292.9500
5385.3750
5472.1250
5553.3750
5633.9250
5712.1000
5787.7750
5860.7000
5935.7250
6007.0250
6079.6000
6149.5750
6219.0000
6288.0000
6357.8000
6428.0750
6496.2250
6563.8250
6631.1750
6696.9500
6763.0000
6827.8250
6894.1750
6961.1500
7025.5500
7090.7750
7157.1500
7219.0000
7283.9500
7347.0000
7410.0250
7474.9750
7536.0500
7596.6000
7659.6000
7720.0500
7782.5250
7844.6250
7905.9750
7966.1750
8025.4750
8086.7500
8146.1000
8206.1250
8266.3500
8324.3000
8385.2000
8445.6250
8504.8750
8563.3000
8619.8000
8680.0250
8738.9250
8798.4500
8856.1250
8912.9000
8970.5250
9027.3000
9085.1000
9143.2500
9199.8500
9256.6750
9314.1500
9369.7750
9427.1500
9482.4750
9538.7250
9596.3000
9652.7750
9708.9750
9765.2250
9819.7750
9876.4500
9931.5750
9988.1250
10043.1250
10097.9250
10152.6750
10207.0500
10262.3000
10317.1750
10373.0000
10427.6500
10480.7000
10535.8500
10588.9250
10642.2000
10695.5750
10750.1250
10804.2750
10855.7250
10908.4500
10962.5000
11017.0250
11070.4750
11124.2000
11179.3750
11234.6250
11289.6000
11343.4250
11399.7250
11454.8500
11508.7250
11565.2000
11622.3750
11679.1500
11735.5250
11792.3250
11849.4500
11906.3500
11965.2750
12023.9500
12081.4750
12141.4000
12200.2000
12257.6500
12317.3000
12378.2500
12439.3500
12498.3750
12558.5250
12620.5250
12680.9250
12743.1000
12805.4500
12868.5500
12931.9750
12997.6250
13062.5250
13128.6250
13195.9500
13262.5250
13328.0000
13394.3250
13460.1500
13528.7500
13597.5750
13665.6250
13735.7250
13807.0000
13877.3000
13948.1250
14022.6750
14094.7000
14167.0500
14241.9250
14315.6000
14389.5250
14466.6250
14543.2000
14622.3250
14705.7750
14785.4500
14864.8250
14947.3250
15038.6000
15128.2500
15216.8250
15311.4250
15409.8750
15505.4750
15602.1750
15707.8250
15815.8250
15937.2000
16066.6000
16198.0000
16355.6500
16545.3250
16865.0500

