5491.4250
5585.1500
5673.5500
5757.9750
5838.6250
5916.0750
5991.5500
6066.4500
6139.8000
6211.7750
6285.2750
6356.5250
6427.0000
6497.4000
6566.2500
6634.9500
6704.1500
6771.9500
6841.3750
6911.4000
6978.2250
7043.8750
7109.4500
7174.1750
7240.0000
7305.9250
7370.8750
7435.5750
7499.5750
7563.3000
7627.3500
7691.4750
7754.3000
7817.5000
7879.0000
7942.0000
8002.8000
8065.1500
8125.7500
8186.3500
8247.7250
8308.1000
8369.1500
8429.3500
8489.6000
8550.7500
8610.5000
8670.0250
8729.6250
8788.9250
8847.1000
8904.9750
8963.6500
9022.4250
9079.8500
9138.4750
9195.5000
9253.9000
9310.8500
9368.8250
9426.2500
9483.6750
9540.9250
9596.9500
9654.2250
9710.2500
9766.6500
9823.1250
9879.2250
9934.8500
9991.2250
10047.6000
10104.5750
10159.3250
10216.4750
10272.1250
10328.0000
10383.6000
10438.6250
10494.0000
10549.3000
10603.9250
10657.2000
10711.7000
10766.2250
10819.5750
10873.0750
10928.4500
10982.3250
11038.3000
11094.7750
11150.0000
11205.5000
11261.8250
11317.3250
11372.7000
11429.2500
11483.3500
11539.7750
11597.6750
11654.7250
11712.5000
11769.5000
11828.9250
11887.2000
11946.6000
12005.7500
12065.7500
12124.6000
12185.3750
12246.0500
12307.6250
12367.3000
12430.0500
12491.8000
12553.2000
12618.4750
12681.6000
12745.7750
12810.5250
12875.8750
12942.8750
13008.3750
13073.2750
13140.5500
13208.6000
13278.3250
13346.3500
13414.1750
13484.9500
13555.1750
13627.6250
13699.9500
13772.8250
13847.5500
13923.0750
13997.1500
14074.7000
14153.3500
14234.0750
14315.3750
14396.5000
14480.3250
14565.2000
14651.9500
14736.3500
14826.7250
14919.9750
15021.7250
15120.4000
15221.5000
15329.8750
15449.3500
15563.7500
15703.3750
15839.1750
16031.7750
16337.7500

