2307.2500
2483.4250
2630.6500
2764.3750
2882.1750
2985.8500
3074.5750
3159.0500
3238.1000
3315.6000
3391.3000
3465.7500
3539.8250
3613.7500
3686.2250
3757.1250
3827.2750
3897.0750
3964.3000
4030.7500
4096.7750
4162.7500
4226.6000
4289.9500
4353.0750
4415.9750
4477.8500
4538.8250
4600.0000
4659.4750
4720.2250
4780.1250
4839.6250
4899.2750
4958.2750
5017.1750
5074.8750
5133.2500
5191.7750
5249.7500
5306.7750
5364.7750
5421.7250
5478.9000
5535.7250
5590.9250
5646.9500
5702.4500
5757.9500
5813.2250
5869.1000
5924.1000
5978.9000
6034.1500
6089.0250
6143.3750
6197.8750
6251.1500
6305.3000
6359.5000
6412.8000
6466.9000
6520.7500
6574.8750
6627.4000
6681.2500
6734.5250
6788.0750
6840.2750
6893.4250
6946.3750
6997.5500
7051.4250
7102.9750
7155.6750
7207.1500
7260.2250
7311.4250
7364.2750
7415.9250
7468.2500
7519.3750
7572.4000
7624.1750
7675.3500
7725.9500
7776.8500
7829.5750
7880.0750
7931.5750
7981.4250
8032.6250
8084.0500
8134.5000
8185.0000
8236.1500
8286.2500
8336.1750
8387.0000
8437.0000
8486.3750
8535.4000
8585.3250
8636.4500
8686.5500
8736.2750
8786.0500
8836.8250
8885.6750
8936.3750
8986.4000
9035.4250
9084.4000
9133.4500
9183.1250
9231.8500
9281.0250
9330.5250
9379.6750
9428.7500
9477.2750
9527.7500
9575.7750
9625.3500
9674.4750
9723.8250
9773.1250
9822.4750
9870.9250
9919.0750
9967.8000
10016.2250
10064.1000
10113.0250
10160.2500
10209.0000
10257.4750
10305.9250
10354.1250
10403.1750
10451.0000
10498.8750
10546.3500
10594.4250
10640.2250
10689.7250
10736.5500
10783.9750
10832.1500
10879.1750
10927.4500
10974.7250
11022.6500
11070.0500
11118.8250
11167.5250
11215.6250
11264.0250
11313.3000
11362.1500
11411.3000
11458.8250
11507.9000
11557.6000
11605.5000
11656.1000
11704.7500
11753.8000
11802.8500
11851.4000
11901.4500
11950.8000
12000.6000
12051.5750
12100.6500
12151.1500
12201.2750
12250.7500
12300.3750
12351.8000
12402.9750
12453.2500
12503.7500
12554.0750
12604.9250
12656.1750
12707.1250
12759.1000
12810.2000
12862.8250
12913.3750
12965.6500
13016.5250
13069.4250
13120.7500
13172.1250
13225.2250
13278.4000
13330.4000
13383.4000
13436.0750
13488.0750
13542.0000
13595.6750
13649.3000
13703.0250
13756.1750
13811.2500
13863.7250
13918.7250
13972.2250
14026.3500
14081.1500
14135.0000
14189.1750
14243.8250
14298.7750
14354.1250
14409.2500
14464.6000
14520.7500
14576.8500
14632.9500
14689.2000
14745.8500
14803.1250
14859.9000
14916.8750
14973.7500
15029.8750
15087.9750
15146.0500
15203.8000
15261.8250
15319.6250
15378.6250
15437.4750
15496.6500
15555.5000
15614.8250
15674.5250
15734.2750
15794.4750
15854.7500
15914.9500
15975.8000
16036.4000
16097.4500
16159.6000
16222.2000
16284.4750
16347.5500
16410.2500
16473.7250
16537.6750
16601.5000
16665.2000
16729.7000
16795.3250
16860.4000
16926.6250
16993.3500
17059.1500
17126.6750
17195.2250
17263.3000
17331.8750
17401.2750
17470.7750
17541.9250
17613.7750
17685.0500
17757.5000
17830.2750
17904.1500
17979.3250
18055.7500
18132.5750
18208.9000
18287.0250
18366.5250
18446.6750
18529.1250
18615.0500
18703.9500
18793.4250
18887.6250
18985.0750
19083.2500
19187.9500
19295.9500
19406.8500
19522.8000
19642.4250
19766.6250
19894.2500
20028.3500
20168.7500
20316.5000
20477.8750
20654.9750
20864.7500
21202.2750
21590.3000

