5098.5000
5187.6750
5273.0750
5355.6000
5436.5250
5514.0000
5590.4750
5665.5000
5738.5750
5811.0250
5880.7500
5953.1000
6023.0250
6091.8250
6160.6750
6229.4250
6298.7250
6366.4750
6432.2500
6500.1500
6566.5250
6632.7750
6698.5500
6763.4500
6827.4000
6890.7250
6955.0750
7018.8250
7082.1500
7144.6000
7206.9250
7270.0750
7333.1500
7395.3750
7457.4250
7518.9500
7579.0000
7639.8500
7701.5000
7763.0500
7822.7000
7882.6500
7942.2000
8002.4000
8061.4250
8119.5000
8178.1750
8237.7250
8297.3000
8355.8250
8413.2250
8473.0500
8529.1000
8585.8000
8644.6750
8701.2750
8759.3250
8815.1500
8872.7500
8928.8250
8985.2750
9042.4500
9098.8500
9155.6500
9210.2000
9267.6000
9324.7500
9379.6000
9435.9250
9491.1500
9545.7250
9599.6500
9654.9000
9709.4250
9764.5500
9819.8000
9873.8500
9928.7500
9984.0000
10038.4750
10090.7000
10145.7250
10200.7250
10254.5500
10307.3750
10361.6250
10415.5500
10470.2000
10523.1750
10576.6250
10630.0750
10684.3500
10737.7000
10790.8500
10843.1750
10896.2500
10949.2250
11001.7750
11054.3750
11109.2500
11162.7000
11215.1000
11268.3500
11321.5250
11375.2750
11428.0750
11483.0000
11539.2500
11593.8000
11649.9750
11706.3000
11762.8250
11819.4500
11876.5250
11931.6750
11988.8750
12045.7000
12102.1500
12159.3000
12217.9000
12276.8500
12336.2750
12394.3000
12453.4750
12514.3500
12574.2250
12634.5500
12695.1750
12756.6250
12816.8500
12878.6750
12941.7250
13004.6500
13067.3000
13130.2750
13194.7000
13258.8750
13321.0750
13385.8750
13451.9250
13517.3250
13583.0750
13648.1000
13715.0500
13781.2250
13850.7000
13917.7500
13985.3750
14052.0500
14122.5500
14192.2500
14262.7000
14333.1250
14406.0250
14478.0000
14551.5250
14626.7250
14702.7750
14779.0000
14855.7000
14934.6500
15013.6250
15098.0250
15178.9250
15260.6500
15349.6500
15436.0750
15524.5000
15615.3750
15711.0250
15806.0500
15901.9750
16000.9000
16110.9000
16219.4250
16342.1250
16461.2250
16597.5000
16777.3750
16947.9250
17265.8000

