2655.1500
2808.0000
2940.0500
3048.1750
3146.7250
3234.1250
3315.7750
3396.7000
3474.4250
3550.7250
3627.1000
3702.9750
3776.8250
3851.0000
3923.6750
3995.8250
4065.9000
4136.3250
4205.3250
4272.3750
4339.4750
4404.9000
4470.1000
4534.0000
4597.3750
4659.9250
4722.4250
4783.8250
4845.2250
4906.3750
4968.0000
5028.3250
5088.3250
5148.6500
5207.7000
5267.0000
5326.0500
5384.2000
5442.9500
5502.1250
5561.3000
5619.5250
5677.2250
5734.2500
5791.3500
5848.3750
5904.7000
5961.8000
6017.6500
6073.3750
6129.6250
6184.3750
6239.9750
6295.9250
6350.3250
6405.4000
6461.2500
6515.9000
6570.2750
6624.3500
6678.6750
6733.2500
6787.6000
6842.1500
6895.5750
6948.5500
7002.5000
7055.7500
7109.8750
7163.7000
7217.2500
7269.7000
7322.3500
7375.8750
7429.4500
7481.6000
7534.0250
7586.4750
7638.9000
7690.0750
7742.8500
7795.1250
7847.0000
7897.7750
7949.6000
8000.6250
8052.3250
8104.3000
8155.3500
8207.8750
8258.8250
8310.0750
8361.6500
8412.3000
8464.1750
8515.2750
8565.8500
8617.7500
8669.0750
8719.2250
8769.4750
8820.4000
8869.6250
8919.4000
8969.5750
9019.3000
9070.7750
9120.1000
9170.0750
9220.3750
9271.1750
9320.1000
9369.0250
9419.3000
9469.1750
9518.4250
9567.0000
9616.4000
9666.3250
9716.7500
9765.9750
9815.0500
9863.5250
9912.1000
9961.8250
10011.3500
10060.6500
10110.1750
10159.3250
10208.5500
10256.5500
10305.9500
10355.3250
10403.7250
10452.0500
10501.5500
10549.3250
10597.9500
10646.0750
10694.5750
10742.4500
10791.2000
10839.9750
10887.7500
10935.6500
10983.9500
11030.5000
11079.5750
11128.0500
11175.2000
11223.8750
11273.4000
11321.3000
11370.8750
11419.1500
11469.9000
11518.6000
11568.3250
11618.0250
11667.5250
11717.4500
11766.8500
11816.2750
11866.5500
11917.3500
11967.7500
12018.5750
12070.1500
12120.6750
12171.1750
12221.3750
12273.7750
12325.1250
12376.8750
12429.2250
12479.6250
12531.2500
12582.5500
12635.7750
12687.8250
12738.9750
12790.8500
12843.6000
12896.9250
12948.5500
13001.5000
13054.2750
13107.1250
13159.7000
13213.3500
13266.4250
13318.5750
13371.8750
13424.3500
13478.8500
13532.0000
13585.7000
13639.5500
13693.9500
13746.8250
13801.0000
13854.7000
13910.1500
13964.8000
14021.1250
14076.3250
14132.8000
14189.3750
14245.4000
14301.4250
14357.1500
14413.7500
14470.3250
14528.3250
14584.1750
14640.9250
14698.7250
14756.4000
14812.8250
14870.2250
14928.4250
14987.2250
15044.9250
15103.1500
15162.1750
15221.4000
15282.0000
15341.0250
15401.0250
15460.7250
15520.8500
15581.2250
15640.9250
15701.5250
15763.7250
15826.0500
15887.7750
15950.8250
16013.6750
16076.2250
16139.2250
16203.2500
16267.8750
16332.4250
16397.7750
16462.9250
16528.5000
16594.2500
16660.0750
16727.6250
16796.0250
16863.9250
16932.3750
17001.6000
17070.8750
17140.2000
17209.5750
17281.7750
17354.2250
17426.0750
17499.2750
17572.8250
17648.5500
17723.8750
17801.1500
17877.3250
17955.9250
18037.2750
18118.5250
18201.0250
18285.5750
18371.6500
18460.8750
18552.2750
18647.4000
18744.0500
18848.3250
18954.4750
19063.7000
19179.3500
19298.1750
19424.6000
19554.0250
19692.8250
19839.8500
19996.2000
20165.5000
20358.7000
20588.9500
20924.6750

