4706.3250
4797.3500
4883.0250
4966.0250
5043.9250
5122.4000
5198.1750
5274.7750
5347.8000
5421.9000
5494.8500
5564.0750
5635.5000
5703.2250
5771.7750
5839.5500
5906.1000
5972.9000
6039.8750
6105.1250
6170.3000
6236.0500
6299.8000
6363.2500
6427.9750
6491.3500
6554.5500
6618.0750
6682.1500
6744.0750
6807.2500
6868.9500
6930.5000
6993.0250
7054.4250
7114.8500
7177.0500
7236.7000
7295.6750
7354.6500
7414.8250
7472.2250
7530.9750
7590.4750
7649.2500
7707.3750
7766.6000
7824.8750
7883.2000
7940.2250
7997.7000
8055.1500
8113.2750
8169.7000
8225.8500
8282.7250
8339.7500
8397.3000
8452.0500
8507.8250
8565.0000
8621.3750
8675.7250
8731.2000
8786.2500
8841.8750
8896.9000
8952.4500
9006.7500
9062.4750
9116.8500
9172.8000
9227.6000
9282.8250
9337.4000
9391.8500
9446.5750
9501.7250
9556.3000
9609.8500
9665.5250
9718.8500
9772.7250
9826.5500
9879.9250
9932.8000
9985.1000
10039.1750
10092.1000
10146.0750
10198.5250
10251.4000
10304.6000
10357.3250
10410.7750
10463.5250
10516.8500
10568.4500
10620.8000
10672.7750
10724.1000
10776.5750
10827.5250
10879.5750
10930.4750
10983.2750
11035.2500
11087.7750
11138.5000
11192.3250
11244.6750
11296.8250
11349.5500
11403.4500
11457.7750
11510.4500
11564.5250
11618.0250
11673.1750
11728.9250
11783.3750
11836.8250
11891.1500
11945.2000
12000.4500
12056.9500
12113.0000
12169.4250
12225.4750
12281.4750
12339.2250
12395.6250
12452.5500
12509.9500
12566.2000
12624.3750
12682.2000
12740.7250
12798.1500
12857.4500
12917.9000
12977.3500
13035.7500
13095.2750
13155.9250
13217.0750
13277.1500
13339.4500
13400.4750
13462.4500
13523.9750
13586.0250
13650.7000
13713.9750
13776.4000
13840.2500
13904.5250
13967.2500
14032.0000
14096.8500
14161.7250
14228.0250
14295.8250
14362.4750
14430.1500
14496.9000
14566.2750
14635.7750
14704.3750
14774.2500
14844.4250
14914.6250
14987.0500
15061.3250
15136.2250
15211.6000
15285.7750
15361.6250
15439.1250
15517.7750
15594.6000
15675.7000
15754.6250
15836.0500
15919.8500
16004.5250
16091.3000
16181.0750
16270.6500
16362.0250
16461.1250
16556.6750
16660.2750
16766.6000
16876.6500
16988.2750
17110.9500
17239.2500
17374.7000
17534.8750
17714.8750
17942.5250

