3017.0000
3148.3500
3255.9250
3348.6500
3433.6000
3516.4500
3597.6500
3677.1750
3755.7500
3834.6750
3910.8250
3985.3500
4059.1500
4132.3250
4205.5750
4275.7250
4346.5250
4416.0750
4484.9500
4552.1750
4618.9000
4685.3500
4750.3500
4814.8000
4878.1250
4941.1250
5003.5000
5065.3000
5127.0250
5188.0750
5249.2500
5309.7500
5369.2750
5428.3000
5488.7000
5547.9750
5606.9750
5666.2250
5725.5000
5783.9750
5842.3000
5900.8500
5958.7500
6016.4250
6073.0000
6131.8750
6188.9250
6245.3000
6302.5250
6359.1500
6416.3000
6472.1000
6528.2750
6584.8250
6639.9500
6695.2000
6750.6500
6805.5250
6860.6500
6915.2000
6970.0750
7023.7000
7078.4750
7132.6750
7187.0500
7240.3750
7294.6250
7349.3000
7402.2500
7455.4000
7509.2250
7562.5500
7615.5000
7668.1500
7722.0000
7774.5250
7828.2500
7880.5000
7933.3750
7985.7000
8039.5250
8091.4750
8145.0500
8196.5250
8249.6500
8301.4500
8353.9000
8405.8500
8457.1750
8509.0250
8560.0750
8612.2250
8664.2000
8716.5750
8768.2000
8819.0000
8871.2500
8921.8500
8972.0750
9022.9000
9074.7000
9125.9250
9177.7250
9229.2250
9279.5750
9329.2000
9380.6000
9431.3000
9481.6250
9531.2750
9582.8750
9632.9000
9682.6750
9732.6250
9783.6250
9833.0750
9882.6500
9933.1500
9981.5500
10031.8000
10080.7500
10131.1000
10181.3000
10231.1000
10280.2000
10329.5000
10378.9000
10428.6250
10477.8750
10526.9750
10575.3000
10623.4000
10672.1750
10722.7000
10771.0000
10819.8750
10868.1250
10917.1500
10965.6000
11014.2750
11063.5250
11112.9500
11163.0250
11212.3250
11263.0750
11311.7000
11362.0500
11411.1000
11460.2500
11511.0000
11560.4250
11609.9750
11660.8000
11710.7000
11760.6500
11811.8500
11862.4000
11913.3750
11964.9000
12015.2750
12066.8500
12118.1750
12168.4750
12221.0750
12272.3000
12323.7750
12374.7250
12427.7750
12480.0500
12531.9250
12583.3000
12635.9000
12689.0000
12742.2000
12795.2500
12847.9500
12901.3250
12954.9250
13007.8500
13061.3000
13115.6250
13169.2500
13223.9500
13278.0500
13333.1500
13387.7750
13442.5250
13497.9250
13552.8500
13608.7750
13664.0250
13718.8250
13773.8500
13830.2250
13886.0250
13941.8500
13999.1000
14055.9250
14114.1750
14170.7000
14227.3750
14284.1000
14341.1500
14400.1500
14457.3250
14513.8000
14572.8000
14631.2750
14689.6500
14749.6000
14808.1000
14867.5750
14927.0000
14986.7000
15046.5500
15106.8000
15166.7750
15228.5750
15289.3750
15351.1500
15412.3500
15474.1750
15536.9000
15599.5250
15662.7750
15726.7000
15789.9500
15854.0500
15917.3500
15981.8250
16046.4750
16111.3750
16177.8500
16243.7750
16310.5250
16377.6750
16445.7000
16513.6000
16581.9500
16650.6750
16719.4000
16790.2000
16861.3500
16932.8250
17005.2250
17077.7750
17151.0250
17224.1500
17299.2500
17374.6250
17451.0500
17527.8500
17606.5500
17685.8750
17766.3250
17849.0000
17932.5750
18017.3500
18104.9000
18194.8000
18285.6000
18382.0250
18481.0750
18583.6250
18693.3250
18807.5250
18929.5000
19055.2750
19190.9500
19335.3000
19490.8250
19663.6500
19859.2500
20110.0500

