2478.2750
2646.6250
2784.9500
2906.3000
3012.0500
3104.6250
3190.2250
3271.7500
3351.9500
3427.8000
3503.7500
3579.6000
3653.8500
3728.1000
3800.5500
3872.3000
3943.1750
4011.9750
4080.1500
4148.5750
4214.7500
4280.6000
4344.9000
4408.9500
4472.3250
4534.1500
4595.9250
4658.1500
4719.5250
4780.1250
4840.0750
4900.8250
4959.9000
5019.2000
5077.6250
5135.5250
5195.5000
5252.9750
5311.8750
5369.8500
5427.4750
5484.9000
5541.5000
5598.7500
5656.4000
5713.0500
5769.4750
5826.5500
5882.6500
5938.0500
5993.8000
6048.4500
6103.7750
6158.2000
6214.0750
6267.6000
6323.3750
6377.4500
6432.2750
6485.5500
6540.5750
6594.7500
6648.7750
6703.7750
6756.4250
6809.3000
6863.3250
6917.5750
6970.2500
7023.4250
7075.9500
7128.4250
7181.0250
7233.4000
7285.3750
7337.8250
7390.4500
7442.7000
7494.3000
7547.3500
7600.1750
7650.9000
7702.4250
7753.6250
7804.8750
7856.6000
7909.2250
7960.1250
8011.6000
8062.8500
8114.4500
8165.2250
8215.8500
8267.0000
8317.9250
8369.1750
8419.7500
8470.3750
8521.7000
8570.8250
8622.1500
8672.6750
8722.7250
8773.0250
8824.2250
8874.4250
8924.4250
8974.9250
9024.5750
9073.7750
9123.5500
9173.6750
9223.7500
9271.9500
9321.0750
9371.0500
9420.5000
9470.4750
9519.0000
9568.0500
9616.2750
9666.3250
9715.6000
9764.8500
9814.4750
9863.5000
9912.0000
9961.3000
10010.5250
10059.8500
10106.3750
10156.8000
10203.5000
10252.8500
10301.7250
10348.4250
10398.0750
10445.7000
10493.2250
10542.8000
10590.6250
10638.7000
10687.3750
10733.7500
10783.9500
10830.8250
10879.5000
10928.4750
10975.5250
11024.1000
11071.6000
11119.0750
11168.8000
11217.8250
11265.5000
11314.3750
11363.2000
11411.0750
11459.8750
11508.6000
11557.5750
11606.8500
11656.3500
11705.7500
11756.1250
11802.5000
11853.5000
11903.2750
11953.6000
12003.3500
12053.7250
12103.3000
12154.1250
12205.6750
12256.3750
12306.3750
12356.8500
12408.3000
12459.4500
12510.5500
12562.2250
12613.6000
12664.9250
12717.8500
12768.8250
12820.0750
12873.6250
12925.4250
12977.8000
13029.5500
13080.9250
13133.8000
13186.5000
13238.1250
13292.1000
13345.8750
13398.8000
13451.0500
13503.9500
13557.4000
13611.6000
13666.0000
13719.7250
13773.0250
13827.2250
13882.3750
13937.4250
13992.2500
14047.6000
14102.1500
14157.8750
14212.5500
14268.7250
14323.7500
14379.4250
14435.7000
14491.4750
14547.3500
14603.5000
14660.1500
14717.8250
14775.3500
14832.7000
14888.7500
14945.8500
15003.0500
15060.8750
15118.4250
15177.9750
15236.8250
15296.8500
15355.3750
15414.4750
15473.6750
15533.2500
15593.0000
15653.6000
15713.7500
15774.1250
15836.2000
15897.0750
15959.2250
16020.4500
16082.5500
16145.9000
16208.5000
16271.0000
16334.2500
16399.2000
16463.4500
16528.7750
16593.1000
16658.0500
16724.0000
16790.6750
16856.7250
16924.3250
16992.0500
17059.0500
17128.4500
17197.4000
17266.3750
17337.1000
17407.1500
17478.7750
17550.9250
17623.4750
17698.0250
17772.0500
17847.4750
17923.5000
17999.5000
18077.4750
18155.8000
18236.8750
18319.4500
18402.3250
18487.9250
18576.4000
18666.8250
18759.4000
18857.1000
18958.3750
19062.4500
19171.0000
19283.0250
19399.2750
19521.0000
19646.6250
19778.7250
19916.1000
20063.8500
20216.8500
20386.2750
20575.9250
20809.8000
21150.1750
21510.4500
21867.9000

