3382.1750
3496.0000
3588.5750
3673.6000
3755.0750
3837.3000
3916.2500
3994.8750
4072.8750
4148.2500
4224.2750
4299.6000
4375.6250
4447.8750
4519.0000
4590.0250
4658.6250
4728.1750
4796.2250
4862.5750
4928.5000
4994.3000
5058.1500
5121.2500
5187.1750
5248.7500
5312.3250
5374.4750
5435.9750
5498.3250
5559.2000
5620.5750
5680.9500
5741.0750
5801.1250
5861.8750
5921.6250
5981.5500
6040.3500
6099.5250
6157.5750
6216.1750
6275.7750
6333.4250
6392.0750
6449.3000
6506.7750
6564.1500
6620.3250
6677.5750
6733.1750
6791.0750
6847.1500
6903.2250
6958.7750
7015.8000
7071.4750
7126.6750
7181.4250
7236.7250
7291.9750
7346.5500
7401.1500
7455.5250
7510.0750
7565.0000
7619.1500
7673.0500
7726.8000
7781.0750
7835.0250
7888.4500
7942.2000
7995.9000
8048.7000
8102.9750
8155.2500
8209.5000
8262.3500
8315.0250
8367.5750
8420.3500
8473.5750
8525.9500
8578.7250
8630.7000
8682.8500
8735.3750
8786.9250
8838.9250
8890.8500
8942.4750
8994.8500
9047.0750
9098.2250
9149.1500
9200.9750
9253.3750
9303.4000
9355.3000
9406.7000
9456.6000
9507.2250
9558.7000
9610.2250
9661.4500
9711.3500
9762.0750
9813.0750
9863.8500
9914.3250
9965.1750
10016.3750
10066.0250
10115.9000
10166.8250
10216.6000
10266.6000
10318.2000
10366.8750
10416.2250
10466.6000
10517.4500
10567.0500
10617.1000
10667.5000
10716.7250
10766.3500
10814.0250
10864.3500
10913.4750
10962.2250
11011.5750
11061.0500
11110.5000
11160.1000
11211.0000
11259.9500
11310.3750
11359.4000
11410.9250
11461.3750
11511.2750
11562.2750
11614.0250
11664.5500
11717.1000
11768.2750
11819.2250
11870.9750
11922.3500
11973.8000
12026.4000
12078.1250
12130.1250
12182.2500
12235.7750
12289.1000
12342.1500
12394.0500
12447.7750
12500.8500
12554.1750
12607.4000
12660.2000
12713.8500
12767.5000
12820.4750
12874.9250
12928.2500
12983.7250
13038.2250
13093.8250
13148.2750
13203.1750
13258.6750
13313.1750
13369.3500
13425.2250
13481.8000
13537.6000
13594.2750
13651.8000
13708.0750
13765.1250
13821.8500
13878.9750
13936.0000
13993.9000
14051.5000
14109.1250
14167.5500
14226.4500
14284.7750
14342.8500
14402.3000
14462.2750
14521.1750
14581.8750
14641.4000
14702.0750
14762.2250
14822.9750
14883.8250
14945.6250
15007.0500
15069.4500
15131.5500
15194.7750
15256.1000
15320.0500
15383.7000
15447.4000
15511.2000
15575.9000
15641.1750
15706.2000
15772.4750
15838.6750
15904.9750
15971.7750
16039.4000
16107.3000
16175.6750
16243.9750
16313.4250
16383.5500
16454.5000
16525.9000
16596.9750
16669.5750
16742.4250
16817.4750
16891.8250
16967.6250
17044.7750
17121.6000
17200.1000
17278.4750
17358.2500
17439.9000
17522.1500
17605.8750
17693.0000
17781.0750
17871.0500
17965.1500
18061.5250
18159.9500
18262.3250
18370.7000
18485.0250
18609.0750
18742.3000
18886.7250
19045.1750
19227.1000
19467.5000
19930.0250

