3759.2500
3857.8000
3945.9500
4028.1750
4109.9250
4190.7250
4271.1500
4348.8250
4425.3000
4502.5000
4577.5500
4651.5500
4725.2750
4798.2500
4869.0250
4939.1500
5008.2250
5075.8250
5142.7000
5208.6500
5273.6250
5339.5250
5404.2000
5466.3250
5531.0750
5594.7750
5657.5750
5718.7500
5781.9500
5843.5250
5905.4000
5966.4750
6027.3250
6088.3500
6147.4500
6207.1250
6267.7000
6327.6000
6386.5250
6446.1000
6505.0250
6563.4500
6621.5000
6679.4500
6737.4250
6796.3250
6853.0000
6910.0500
6967.9250
7024.7500
7081.1500
7138.2500
7196.3500
7252.2250
7307.4500
7364.4750
7420.0250
7476.3500
7532.0250
7587.2750
7643.6000
7699.3250
7754.8750
7809.8250
7864.5000
7920.6000
7974.7000
8029.7000
8083.8000
8137.9250
8191.6750
8245.8500
8299.1500
8352.3750
8405.3500
8458.8500
8512.7500
8565.7500
8619.0000
8672.1500
8724.6000
8778.4250
8830.7750
8885.1750
8937.3250
8988.7000
9041.6000
9095.0250
9147.3250
9199.7000
9252.5750
9304.2250
9355.8250
9407.0500
9459.5500
9512.2750
9564.9250
9616.4500
9668.3750
9720.4250
9771.4500
9821.9000
9873.6000
9925.8750
9976.7750
10027.6750
10080.8500
10131.1500
10181.5500
10232.8750
10283.4500
10334.0500
10383.8500
10434.7000
10485.1000
10534.9000
10585.5500
10635.3500
10685.7500
10735.6500
10787.0000
10836.5500
10887.0500
10936.3750
10986.6500
11036.6500
11087.0000
11136.9750
11187.4000
11237.0750
11288.8000
11339.8750
11391.1000
11442.7500
11494.2750
11545.0500
11596.8750
11647.3750
11699.9000
11752.1750
11803.0000
11855.8750
11908.3000
11960.5500
12013.8250
12064.9500
12117.2250
12170.0750
12223.9750
12276.6000
12330.2250
12384.7000
12439.3250
12492.5750
12547.5500
12601.1500
12656.1000
12710.3250
12764.9000
12819.0500
12873.6000
12929.4000
12984.4500
13041.0250
13095.5250
13151.2500
13208.4000
13264.6750
13322.3750
13378.5500
13434.8000
13491.6000
13548.9500
13606.7000
13665.0500
13722.3250
13780.7500
13839.1000
13897.1000
13955.7500
14015.9000
14075.0750
14134.6750
14194.2250
14253.9500
14313.8250
14374.6250
14435.9000
14496.6250
14557.0000
14618.8250
14681.3500
14744.3250
14806.6750
14870.3500
14933.2750
14997.6750
15060.8250
15124.8000
15190.4000
15253.7250
15319.6250
15384.7000
15452.6750
15519.1000
15587.6000
15655.7500
15723.6000
15791.9250
15861.2500
15930.9000
16001.1750
16072.8000
16145.6250
16217.8750
16289.6000
16363.9000
16438.3250
16514.1750
16591.0250
16667.3500
16745.6250
16824.4500
16904.0250
16984.7750
17067.4500
17149.1750
17232.5000
17318.8000
17407.4000
17496.2750
17590.1500
17683.5250
17781.0250
17882.2750
17986.5250
18101.1500
18220.5000
18347.8500
18494.4000
18671.7750
18893.1250
19313.4000

