2825.7250
2965.7500
3084.8000
3185.4750
3274.6500
3357.8000
3438.2250
3519.0250
3597.8000
3675.9750
3752.2250
3828.1000
3902.4250
3975.2000
4048.7000
4120.6000
4191.0250
4261.2250
4330.2500
4397.7500
4464.3500
4530.4250
4595.4750
4659.4000
4723.9500
4787.2000
4849.7000
4912.2750
4973.2500
5035.1750
5095.0750
5156.6750
5217.4500
5277.3500
5337.5250
5396.8750
5455.7750
5515.2250
5573.4750
5631.8250
5690.0750
5748.0250
5805.6250
5862.9250
5919.9750
5976.7250
6033.4250
6090.5000
6146.3750
6202.9250
6258.4750
6314.1500
6370.3500
6425.8250
6481.1250
6535.7250
6591.3500
6646.2000
6700.7250
6755.1500
6809.6500
6864.3250
6918.8000
6972.7250
7027.5500
7080.9000
7134.4000
7188.2750
7242.1750
7296.2750
7350.3500
7403.2750
7455.8250
7508.7750
7560.9000
7613.9000
7665.7750
7718.5500
7771.7250
7823.9500
7876.7500
7928.9000
7981.2500
8032.4500
8086.1750
8138.2750
8189.6000
8241.0750
8292.7250
8342.7750
8395.5000
8447.0750
8498.3750
8550.0250
8600.2750
8652.4250
8702.8750
8753.7750
8804.2750
8855.3750
8905.8000
8956.7000
9006.9250
9057.5250
9107.3000
9157.4750
9208.8750
9259.6500
9310.3500
9360.7000
9411.0000
9461.3000
9511.7500
9562.1250
9611.8000
9662.4750
9713.0750
9762.7000
9812.7500
9861.5000
9911.7250
9961.2000
10010.8250
10059.9500
10109.0250
10158.0250
10205.5000
10255.2000
10304.8000
10354.1000
10404.6750
10452.0000
10502.7250
10551.9250
10600.1500
10648.9750
10698.1750
10746.3750
10796.4000
10844.2750
10893.3000
10941.4750
10988.7500
11037.2750
11085.9000
11134.2250
11184.2000
11231.1250
11280.4750
11329.0500
11379.3500
11429.1250
11477.5750
11525.8250
11575.4000
11625.5000
11674.3500
11723.8500
11774.0000
11823.3750
11873.9750
11924.3500
11974.4500
12024.1500
12076.3500
12126.5750
12178.5750
12230.5500
12282.0750
12333.1750
12386.6000
12436.3500
12488.4250
12539.6750
12592.3500
12644.9000
12697.0500
12749.2000
12801.7250
12853.7250
12906.9000
12959.0500
13013.3500
13065.1750
13118.5500
13171.1250
13226.1250
13278.8750
13333.6000
13388.2000
13442.0500
13496.5750
13550.8250
13605.2500
13659.9000
13714.6500
13769.8000
13824.4750
13880.6750
13936.1750
13992.6250
14047.8000
14103.5250
14159.8750
14215.6000
14272.4500
14328.8750
14384.9000
14441.3750
14498.7750
14556.6250
14614.2000
14672.7250
14731.3750
14789.0500
14846.9500
14905.7500
14964.4000
15024.0250
15083.9500
15142.5000
15202.9500
15263.0250
15323.3250
15383.8000
15444.1250
15504.7000
15567.0250
15628.3000
15689.6750
15752.3000
15815.6750
15877.9000
15941.5500
16003.8750
16068.4250
16133.5750
16197.1500
16262.8750
16328.1000
16394.9750
16461.0750
16527.7500
16596.0500
16663.8000
16731.9500
16800.9000
16871.1250
16941.2250
17012.3000
17083.1000
17154.7500
17226.8500
17300.0500
17373.1750
17447.7250
17523.1750
17599.2000
17676.7250
17754.3500
17833.9750
17914.3250
17996.9250
18079.8000
18164.6000
18250.9000
18342.5500
18434.2750
18531.0750
18631.7250
18736.3000
18844.6000
18956.7000
19076.9000
19198.6500
19328.8000
19467.9750
19612.1500
19768.0000
19942.1750
20136.6500
20375.3500
20768.7750

