3966.9750
4061.6500
4146.4500
4228.7000
4309.6250
4388.4750
4466.4750
4544.7000
4619.7000
4695.2750
4768.8000
4841.9500
4913.3500
4983.5000
5053.6250
5121.2750
5189.1000
5257.4750
5322.3250
5388.5000
5453.3500
5519.5250
5583.6500
5646.6750
5709.9250
5772.7500
5835.9750
5898.0500
5959.6750
6020.7250
6082.6250
6144.3000
6205.9500
6265.7750
6326.6750
6385.8000
6446.4000
6506.6500
6566.4250
6625.5250
6685.3000
6743.9250
6802.2500
6859.5250
6917.5000
6975.1000
7032.1000
7090.4250
7147.3250
7204.5000
7261.6000
7318.1250
7375.1000
7431.5000
7486.9750
7543.7750
7599.4500
7654.7750
7711.3250
7766.5750
7822.9000
7877.7500
7932.9750
7988.6250
8043.6000
8098.1250
8152.7500
8206.7500
8261.8000
8316.0750
8369.9000
8424.7750
8479.4000
8532.9750
8586.6000
8641.4750
8695.0250
8747.8500
8800.4500
8852.7500
8907.1250
8960.3000
9013.3250
9066.5500
9119.7750
9171.9750
9223.5250
9277.5000
9329.7750
9381.7750
9434.0500
9485.2500
9537.6000
9589.0250
9642.0000
9694.1250
9746.3500
9798.2750
9850.5750
9901.0500
9952.9750
10003.2750
10054.3000
10106.0750
10157.7750
10208.3500
10259.0750
10310.5000
10361.7500
10412.7000
10463.2500
10514.2750
10565.6000
10617.2750
10667.9000
10718.7250
10768.5750
10819.3000
10869.5750
10918.9000
10968.8750
11018.3000
11068.5250
11119.2250
11169.5500
11220.4750
11271.5750
11323.2750
11374.1500
11425.5500
11477.7250
11530.7750
11582.0250
11633.6250
11685.1250
11737.1000
11790.8000
11843.7000
11895.4250
11949.4750
11999.7500
12053.4750
12107.0000
12159.6500
12214.0000
12267.8000
12323.1000
12376.1500
12429.6250
12484.9250
12539.4000
12594.8250
12650.3500
12704.6000
12760.0250
12815.9250
12871.4750
12928.8250
12985.0000
13040.8500
13096.9250
13154.7500
13211.9000
13268.0500
13327.0000
13385.2750
13443.9750
13501.2250
13560.1000
13617.5500
13676.2500
13735.3000
13794.0750
13852.2250
13911.1000
13972.4750
14031.4250
14091.1250
14152.0750
14212.7000
14274.2500
14334.5000
14395.8250
14458.5500
14519.0750
14582.2250
14645.9000
14708.7000
14774.1000
14837.8250
14902.5250
14967.0500
15031.6250
15096.7750
15162.6500
15228.0000
15293.2750
15361.3750
15429.9000
15499.4750
15567.6750
15638.4750
15706.8250
15777.9500
15848.8250
15921.9750
15994.0000
16067.2500
16141.5500
16216.0750
16290.4000
16366.0500
16443.8750
16523.0250
16600.7000
16679.2000
16759.4250
16841.5500
16925.4750
17011.1500
17097.9250
17182.9750
17273.1500
17365.0000
17459.3250
17554.4750
17655.1750
17758.9500
17867.2500
17983.4500
18105.7250
18244.9500
18402.1250
18597.1500
18872.3750

