3567.9750
3672.3250
3763.2250
3847.4000
3930.0500
4009.1250
4090.1500
4168.2750
4247.2250
4323.9500
4400.0750
4475.1500
4550.1000
4621.5000
4692.6250
4763.7250
4833.2750
4901.7250
4968.4750
5034.4250
5100.8500
5165.6000
5230.0250
5293.8750
5357.6250
5420.1250
5483.8500
5545.9250
5608.7000
5670.3250
5731.1250
5792.0000
5852.7500
5913.3000
5974.9750
6034.7500
6094.8250
6154.1750
6213.0000
6272.5250
6330.6750
6389.8500
6448.0250
6506.0250
6563.8000
6621.3000
6678.6750
6735.8750
6793.4000
6849.5500
6904.6000
6961.4000
7018.3000
7074.0750
7130.6750
7186.1250
7242.4500
7298.2750
7354.2750
7408.6500
7464.7250
7520.0750
7575.5000
7630.1750
7685.1250
7739.3250
7792.8000
7847.1750
7901.2750
7954.4000
8007.9250
8061.4000
8115.5500
8169.2000
8222.3750
8275.3750
8329.0750
8383.4000
8435.7250
8490.4500
8542.6750
8595.5000
8649.6250
8701.4000
8754.7250
8806.7750
8858.9750
8912.1750
8963.5250
9016.8000
9068.6250
9120.1750
9171.9000
9223.5000
9276.7500
9327.8000
9378.6500
9430.5250
9481.4750
9534.4000
9585.1000
9636.5250
9688.3000
9739.2500
9789.9750
9840.9500
9892.4250
9942.6750
9994.2000
10044.9000
10094.7000
10145.0000
10194.9500
10247.5750
10297.2000
10346.7750
10397.2000
10448.5500
10498.0500
10549.1500
10599.3500
10648.6750
10698.0500
10748.0750
10797.5250
10847.3250
10898.0250
10948.6250
10997.9250
11047.7250
11097.3250
11146.8750
11196.6000
11247.1750
11298.7250
11349.1000
11400.6250
11451.4000
11502.6500
11552.2250
11604.2500
11655.4500
11707.3000
11757.8750
11809.9750
11861.2250
11913.6750
11965.9000
12017.1750
12070.4000
12122.1500
12175.0250
12227.8750
12280.0000
12332.7500
12385.9250
12438.7500
12493.3000
12547.5000
12601.0500
12654.7500
12708.8750
12762.8500
12817.5250
12871.1500
12924.8750
12980.2750
13035.0250
13090.7000
13145.1750
13201.5000
13257.0250
13312.8500
13368.8250
13425.4000
13481.8250
13538.2750
13595.8500
13652.6250
13709.4500
13766.8500
13825.2500
13883.1750
13940.7500
13999.0000
14057.5750
14115.7000
14175.1750
14235.3250
14294.0000
14353.5250
14413.3000
14473.8000
14533.2750
14594.5250
14655.0250
14716.3000
14777.0750
14840.2250
14900.6500
14963.1250
15025.1250
15086.9000
15150.7750
15214.3500
15276.9000
15342.0750
15406.5000
15471.4500
15536.5750
15604.1000
15669.1250
15735.7500
15802.1750
15869.1250
15937.3250
16007.5250
16076.4750
16146.9750
16217.6250
16288.5750
16360.4250
16431.4250
16503.6250
16577.3250
16650.9500
16724.7750
16801.1750
16878.5250
16956.5000
17034.8000
17114.2500
17193.8000
17274.9750
17357.7750
17442.1750
17529.1250
17615.9750
17706.1500
17799.6000
17893.7500
17993.1000
18095.9250
18203.7000
18320.9250
18445.3750
18576.4250
18729.6500
18906.0000
19105.3500
19419.9250

