3197.5250
3313.4750
3410.8000
3497.3500
3580.7500
3663.1500
3743.9750
3823.6500
3900.6000
3978.4000
4054.6250
4131.0250
4205.0000
4278.5250
4351.3250
4421.8750
4492.9000
4561.9750
4630.8000
4698.3750
4764.9500
4830.3250
4894.8250
4958.9250
5023.4500
5085.3500
5149.1500
5211.1250
5273.1250
5334.7250
5396.5500
5457.3250
5517.3500
5578.1750
5637.6500
5696.7000
5756.5500
5816.4750
5874.7000
5933.9250
5992.2250
6050.4500
6108.7000
6166.4000
6224.7500
6281.7750
6339.5250
6396.1250
6452.9500
6510.6000
6567.4750
6623.5000
6679.2500
6735.5250
6792.1500
6846.8250
6902.1500
6957.5750
7012.6750
7066.2250
7122.8250
7177.8500
7231.6750
7287.2000
7341.3250
7396.6250
7450.2000
7504.3250
7557.7500
7611.3250
7666.0500
7720.2750
7772.8500
7826.3500
7878.9000
7932.1500
7985.2000
8038.5000
8091.3000
8143.4750
8197.0250
8250.5750
8302.2250
8354.7500
8407.4500
8459.6000
8511.5000
8563.9500
8616.5750
8668.9000
8721.1500
8772.7250
8822.9500
8875.7000
8927.7500
8978.3500
9030.2750
9082.0500
9132.9750
9183.3750
9235.5750
9285.5500
9337.8000
9388.3750
9439.7250
9490.1250
9541.3000
9590.8750
9641.9000
9693.0750
9742.6750
9793.5750
9844.7000
9894.8500
9943.8500
9994.5750
10044.7750
10095.9000
10145.1750
10194.8000
10245.0750
10295.1750
10345.3250
10395.8500
10443.8500
10494.6250
10543.9750
10592.1750
10642.7500
10691.6250
10740.3750
10790.5500
10840.2750
10889.8750
10937.9000
10988.5750
11036.5750
11085.8250
11134.3250
11183.7250
11233.0500
11281.9750
11332.4750
11381.4250
11431.2750
11480.4750
11530.7500
11581.2000
11630.9750
11681.5500
11731.9250
11782.4500
11834.6750
11885.5000
11936.3500
11986.8500
12037.1750
12089.1750
12140.8500
12192.5750
12245.4250
12296.8500
12349.3250
12401.8000
12455.3250
12508.4250
12559.7000
12612.4250
12664.8250
12718.2750
12772.4250
12824.7500
12879.5500
12933.1500
12988.1750
13043.1000
13096.9500
13151.4250
13206.0000
13260.1250
13314.0000
13369.9000
13425.0750
13481.4750
13536.7000
13591.5500
13648.0750
13702.7250
13757.7500
13813.4000
13869.3500
13924.3500
13981.6750
14038.6000
14096.2250
14153.6250
14211.6000
14269.0750
14327.0000
14385.0750
14443.5250
14502.3000
14561.3000
14620.6250
14679.5500
14740.7250
14800.0500
14859.4750
14918.7250
14979.2500
15039.6250
15101.4000
15162.4250
15224.8000
15286.6750
15348.5750
15410.4750
15473.8500
15536.8500
15601.1250
15665.5250
15730.7500
15795.4500
15860.0250
15925.2500
15992.5000
16058.0250
16122.9750
16191.3750
16259.0000
16326.6500
16395.3000
16465.2250
16534.4500
16604.8750
16675.8250
16746.2500
16818.3750
16891.0250
16964.2000
17037.4750
17113.2250
17187.9250
17264.1000
17342.0750
17420.8750
17499.3750
17580.5750
17662.2500
17745.8250
17830.3750
17918.8750
18009.1750
18101.1500
18196.0250
18295.3500
18397.8500
18506.2500
18617.7000
18739.7000
18868.1750
19008.1000
19155.1500
19315.3500
19498.5750
19721.6250
20086.4000

