1867.3250
2055.3500
2214.1500
2360.6750
2492.0500
2617.5000
2728.9250
2836.5500
2933.2500
3022.9500
3103.7750
3177.6250
3247.7500
3316.9000
3384.3500
3450.9250
3515.1500
3579.3500
3642.5250
3705.1500
3766.0000
3826.5250
3887.1750
3946.6500
4004.9000
4061.7250
4118.4750
4174.1250
4229.9750
4284.7250
4339.7500
4392.8500
4445.5000
4498.6250
4551.2000
4603.6250
4655.8250
4707.9000
4758.2500
4809.2000
4860.2750
4911.0750
4961.2250
5011.5500
5061.0500
5111.6000
5160.3500
5209.2250
5257.0250
5305.1750
5353.1000
5400.1250
5448.2250
5496.1000
5542.7250
5590.6500
5636.9750
5683.4000
5730.5750
5775.5750
5822.5250
5868.4750
5915.4000
5959.8000
6005.5000
6050.8250
6096.4500
6141.3500
6187.0500
6231.7250
6276.6250
6319.9000
6364.8750
6409.2500
6453.2750
6497.6250
6540.9500
6584.8500
6628.2500
6672.0000
6715.6250
6759.2500
6802.6000
6845.3000
6888.9750
6930.9750
6972.5000
7014.9250
7056.8500
7099.0500
7141.4750
7183.7500
7225.3500
7267.2500
7307.8000
7350.1750
7390.3500
7432.1500
7473.7750
7515.1500
7556.1500
7596.0000
7639.6750
7680.0750
7719.8000
7760.6000
7801.7000
7842.5000
7881.7750
7923.9500
7964.6000
8005.8000
8046.0000
8085.1250
8125.3500
8165.1000
8204.1500
8244.0000
8285.3250
8324.5000
8364.1000
8403.5500
8443.0750
8481.7250
8520.8500
8561.0250
8600.3750
8639.1000
8677.5750
8717.2000
8755.6500
8793.8750
8832.5000
8870.1500
8909.5000
8947.8000
8985.9250
9024.2750
9062.7500
9099.9250
9138.4000
9177.3000
9214.3000
9252.3500
9289.2000
9327.8000
9365.6500
9403.2000
9442.1250
9480.9000
9517.1250
9555.2000
9592.3750
9629.7500
9667.8750
9705.5500
9742.3250
9779.3500
9817.3500
9853.7000
9890.4500
9927.0500
9964.3750
10000.0000
10037.3500
10073.9000
10108.9500
10145.4000
10182.4250
10218.7750
10254.7750
10290.6750
10326.9500
10364.3000
10399.2000
10435.9000
10472.8500
10507.6000
10544.5750
10581.2250
10617.0500
10651.9000
10688.5750
10722.9500
10759.8000
10795.0500
10829.7250
10866.2750
10900.2750
10937.2000
10972.0000
11007.8500
11044.0000
11079.9500
11115.3250
11151.6500
11185.6250
11222.1500
11258.0750
11293.3000
11329.2000
11366.4750
11401.0500
11437.0750
11474.5000
11509.2250
11546.3000
11582.2750
11618.0500
11653.7500
11689.8500
11727.6000
11763.7750
11800.2000
11837.6000
11873.6500
11910.3750
11948.2250
11983.4750
12021.4250
12059.0750
12095.9000
12133.7000
12171.1750
12208.3000
12245.6500
12281.8500
12318.7750
12357.8750
12395.5500
12432.6500
12469.8250
12508.1250
12545.3000
12583.8000
12621.2500
12658.7250
12696.6750
12735.9000
12773.7000
12812.6750
12851.0250
12887.8500
12926.8250
12965.1000
13002.8250
13040.5250
13079.5750
13117.5750
13155.9750
13195.2500
13234.3750
13273.5000
13312.5750
13352.1000
13392.1000
13430.2000
13469.4000
13508.2500
13548.6750
13587.3750
13627.3500
13667.8250
13706.7750
13746.8500
13787.4250
13827.9250
13867.9500
13908.5000
13949.9750
13989.2000
14029.2000
14069.3500
14110.4500
14151.8750
14193.1500
14233.5000
14273.8000
14315.0000
14356.2750
14398.3000
14439.1000
14480.8250
14522.3250
14564.7500
14605.4250
14647.3750
14689.9500
14730.2250
14773.2000
14814.3750
14856.3250
14898.2000
14941.5000
14983.5500
15026.0000
15069.1500
15112.3000
15154.2750
15197.3500
15240.7250
15282.7250
15326.0250
15370.0000
15413.3750
15458.1250
15500.8500
15545.5750
15590.0000
15634.9500
15679.1000
15723.9500
15768.8750
15814.3500
15859.9500
15904.3750
15950.4250
15995.4500
16041.3500
16087.8000
16132.9000
16178.6000
16224.9500
16272.1500
16319.1500
16366.5250
16413.2000
16460.9500
16508.2250
16555.7000
16603.7000
16651.0500
16699.3000
16748.0500
16797.2000
16845.9750
16894.8750
16944.0750
16993.5250
17043.1000
17093.1750
17142.9750
17194.8500
17245.3750
17296.7750
17348.4750
17400.0500
17452.3750
17504.9000
17557.2000
17611.0250
17663.2750
17717.7750
17771.7500
17825.9500
17879.7000
17934.7500
17990.1750
18046.2500
18102.5750
18159.3750
18217.1000
18275.3500
18333.7250
18391.9750
18452.4000
18513.4000
18575.2250
18638.0500
18702.0000
18766.2750
18831.8250
18898.8250
18966.9750
19036.3000
19107.7500
19179.2500
19252.6000
19327.2250
19402.6250
19480.0750
19558.6500
19637.6500
19719.2500
19802.2250
19886.4250
19972.0000
20060.2000
20150.1500
20242.0250
20336.9500
20436.1000
20542.3250
20668.3500

