4837.5500
4920.0250
4999.6500
5074.0000
5147.8000
5221.0250
5291.9500
5361.5500
5430.6500
5497.1500
5561.6000
5626.0000
5690.3250
5752.7250
5814.4000
5874.4750
5935.0500
5994.0750
6053.3500
6111.6250
6168.9750
6226.3750
6282.5000
6339.3000
6394.6000
6448.5000
6504.6250
6559.8000
6613.2750
6668.3750
6722.4000
6775.0500
6827.6500
6880.2250
6933.4250
6986.2250
7038.2000
7088.9500
7140.3750
7191.3000
7242.0250
7291.8500
7341.6250
7392.7500
7441.4500
7491.8250
7541.5500
7590.0500
7639.0750
7687.6500
7736.8500
7784.7000
7833.6500
7881.2750
7928.8000
7976.7000
8024.5000
8070.7750
8117.4000
8164.5000
8211.5750
8257.1000
8303.4250
8349.4000
8395.0250
8441.1750
8486.7750
8531.4250
8576.7500
8622.8750
8667.9500
8713.0750
8758.5250
8802.7750
8846.8750
8891.5000
8936.2000
8981.3750
9024.5000
9068.7000
9112.2500
9156.4750
9199.7500
9243.9750
9286.6250
9330.3750
9372.8250
9415.3000
9458.7250
9501.2000
9543.7750
9586.6750
9629.8000
9671.6500
9713.9750
9756.1500
9798.1750
9840.2000
9882.4000
9924.2750
9966.6000
10008.3000
10049.8750
10089.9250
10131.1500
10173.5500
10214.4000
10255.9500
10297.1000
10338.3000
10379.5750
10420.7750
10461.6250
10501.7000
10542.3750
10583.3000
10623.4000
10663.1750
10703.5750
10743.7250
10784.2750
10824.8250
10865.0500
10905.1000
10944.9750
10984.4250
11023.2250
11063.2500
11103.4000
11143.6250
11184.3250
11224.2750
11265.6000
11306.4000
11347.0500
11387.2000
11426.8500
11467.9250
11508.0000
11548.8250
11589.7000
11630.5250
11672.4750
11712.8000
11754.4250
11796.2500
11836.3500
11878.2250
11920.4250
11961.2500
12003.1250
12044.9250
12087.0250
12128.9750
12171.3500
12213.7750
12256.6250
12299.0000
12340.9750
12383.1000
12425.8000
12468.4000
12511.8000
12554.3250
12597.1000
12640.7250
12683.2000
12726.6750
12769.9250
12813.3000
12857.9750
12901.4500
12945.6750
12989.5500
13033.4250
13077.6000
13121.5000
13166.2500
13210.8750
13256.1750
13300.3000
13345.4000
13389.7250
13435.2250
13481.0500
13527.1250
13572.9750
13619.4750
13665.4750
13711.7000
13757.4250
13803.0500
13850.9500
13897.5250
13944.8500
13992.4750
14039.3250
14086.7000
14133.8750
14180.8250
14229.4500
14277.0500
14325.9000
14373.7000
14422.4000
14472.2000
14522.1000
14570.8750
14621.0500
14670.1500
14719.8500
14770.5500
14820.5250
14871.7750
14923.1000
14975.0500
15027.8500
15078.8500
15132.4000
15184.7750
15236.9500
15290.9500
15345.4750
15399.1750
15453.0500
15506.8250
15562.3750
15616.7000
15673.6250
15728.1750
15784.4000
15841.2750
15898.1500
15955.4000
16013.1500
16071.1500
16130.1750
16190.7000
16249.9750
16312.1500
16372.7000
16435.4250
16497.9000
16563.3250
16627.4500
16692.7250
16760.6250
16827.4000
16894.9000
16964.9250
17037.2250
17110.6250
17185.8500
17262.7000
17344.0750
17427.2750
17512.8250
17602.0750
17696.5750
17796.8000
17899.1500
18012.5250
18136.8000
18274.6000
18428.9500
18654.8000

