2733.7750
2877.9000
3005.1500
3116.0250
3216.8500
3303.8000
3384.8500
3460.5750
3533.9500
3607.3250
3678.5500
3749.7000
3819.2500
3887.5500
3955.1750
4021.8500
4087.8750
4151.9500
4215.8250
4277.9500
4340.6750
4401.7750
4463.2250
4522.5750
4581.3500
4639.3750
4696.7500
4753.4500
4810.5250
4865.2500
4920.5750
4974.5500
5029.2750
5083.2750
5135.8750
5188.8750
5242.1250
5294.4500
5347.1750
5398.0250
5449.9000
5501.1000
5552.8000
5602.4250
5653.1750
5703.6250
5753.7500
5803.0750
5853.3500
5902.8750
5952.0250
6000.2750
6049.1000
6097.4000
6145.3000
6194.1750
6241.6750
6289.6500
6337.7750
6385.2000
6431.5250
6479.7250
6526.7250
6573.1500
6619.4750
6665.0500
6711.2000
6757.7750
6803.4500
6848.6250
6895.2750
6940.3500
6985.0500
7030.6250
7076.1500
7121.5750
7165.0500
7209.3500
7253.9000
7298.2750
7342.6500
7385.4500
7430.0000
7473.6250
7516.5000
7560.1750
7604.1500
7647.4250
7691.0000
7734.5000
7777.8250
7820.1250
7864.2250
7907.7000
7950.4750
7992.6500
8035.4500
8077.3500
8120.4750
8162.2750
8204.4750
8246.2500
8288.0250
8330.8500
8372.5000
8413.5500
8455.0500
8496.8000
8538.2750
8579.0250
8621.2000
8662.9250
8703.8000
8745.0500
8785.8500
8827.1750
8868.3000
8908.5000
8949.5500
8990.1250
9030.5250
9070.4750
9110.2750
9150.7750
9191.2250
9231.4750
9271.0500
9312.0750
9351.4500
9391.4750
9431.3500
9471.4250
9510.5500
9550.1250
9589.4250
9628.3750
9667.9750
9706.0500
9746.2000
9785.6750
9824.5000
9864.2000
9902.4750
9941.0000
9978.8750
10019.2750
10057.6750
10095.9000
10134.2000
10173.0750
10211.5250
10249.6750
10287.6000
10326.4250
10365.9000
10403.4500
10441.0750
10479.9500
10517.6250
10555.5250
10593.4500
10630.5750
10668.7750
10705.6500
10743.0000
10781.1750
10818.1250
10856.2000
10893.5500
10930.6500
10968.4750
11005.3500
11042.7500
11079.5750
11117.0750
11153.9250
11190.8750
11228.5000
11266.5500
11304.6000
11342.8750
11381.2000
11419.4500
11457.0000
11495.2500
11533.3000
11571.2000
11608.8750
11647.9000
11685.5000
11724.3250
11762.2500
11800.2250
11839.7250
11877.6000
11916.3250
11954.6000
11994.7250
12033.6500
12072.6000
12111.8250
12151.5750
12190.2750
12229.7000
12269.6000
12308.8250
12348.0500
12387.3750
12427.5750
12466.5250
12505.7000
12545.6250
12585.7250
12625.6250
12665.3250
12705.6500
12746.2750
12785.8000
12826.3000
12866.3750
12907.2250
12948.1500
12988.8000
13027.8750
13068.4250
13109.3250
13151.4000
13191.8500
13233.2750
13274.1750
13315.2500
13356.4000
13396.7000
13439.2250
13480.7250
13522.1500
13563.0500
13606.2250
13647.6000
13689.7250
13731.7000
13773.1250
13816.8000
13859.0500
13901.6750
13943.9250
13985.9500
14029.6250
14072.1250
14115.6750
14157.6000
14201.1250
14244.3500
14286.4500
14330.4750
14374.2750
14417.1250
14462.0250
14506.1500
14549.2750
14593.3750
14637.2250
14681.5250
14726.7500
14771.1250
14816.1250
14861.0500
14905.9000
14951.3000
14996.3500
15041.4500
15088.0000
15133.7250
15177.9750
15224.4750
15270.6250
15316.8250
15362.5250
15410.2500
15457.3250
15504.6500
15551.0750
15598.5000
15646.3500
15693.3250
15741.0000
15789.3250
15836.2500
15885.2750
15934.6250
15982.4000
16031.6250
16080.4500
16129.5250
16179.2750
16228.9250
16279.1000
16328.6500
16379.7000
16430.8250
16481.1250
16532.6750
16583.7000
16636.3750
16687.5750
16740.0750
16792.8750
16845.0250
16898.2000
16951.7750
17006.1000
17060.0250
17114.0750
17168.2750
17223.1750
17279.9750
17335.6000
17391.7750
17448.5250
17505.5250
17562.9500
17622.1000
17681.0500
17740.6750
17800.5500
17861.1000
17923.1750
17985.5250
18048.9000
18113.0750
18177.8000
18243.3500
18309.7250
18377.6000
18446.4000
18516.9000
18587.4500
18661.6000
18737.1250
18813.2000
18891.1500
18969.3750
19049.8750
19131.8750
19214.5750
19298.5000
19386.0500
19474.3500
19564.8500
19655.9250
19750.4250
19847.2500
19948.1500
20052.5250
20164.0250
20284.7250
20426.0500

