2351.2500
2521.0500
2669.9750
2801.2500
2920.8500
3030.2000
3130.8750
3220.3500
3301.7750
3378.1250
3449.2500
3520.0000
3587.5250
3656.4250
3723.7000
3789.6750
3855.0000
3919.2750
3982.4750
4046.7000
4108.3250
4170.1250
4229.5000
4289.2750
4347.7750
4405.3750
4462.8750
4519.0000
4575.2500
4630.7500
4685.2500
4739.3000
4794.2750
4846.9250
4900.4250
4953.0750
5005.8750
5057.4250
5109.4500
5161.0750
5212.4250
5263.6500
5314.2250
5364.7750
5415.4500
5465.2250
5515.5250
5565.2500
5615.1750
5664.6500
5713.0750
5761.2000
5809.7500
5858.4500
5906.7250
5953.8000
6000.7250
6048.0000
6095.7750
6142.0000
6188.8250
6235.0750
6282.2250
6328.2750
6374.6250
6420.7500
6466.7750
6512.3000
6557.9750
6603.4750
6648.9000
6694.6500
6739.1250
6783.3500
6828.0000
6871.8500
6917.0500
6961.9250
7005.7750
7049.7250
7093.3500
7137.8000
7181.0250
7224.8000
7268.1000
7312.0500
7355.4000
7398.1000
7441.8000
7484.1000
7526.7000
7569.6250
7611.3500
7653.7000
7696.7500
7739.6250
7781.0000
7823.5250
7865.5250
7908.1000
7949.3000
7991.6750
8032.6750
8074.2750
8115.6250
8157.4250
8198.9750
8240.1000
8281.6250
8322.6000
8363.8500
8404.4250
8444.5000
8486.2500
8527.5000
8566.9500
8608.3250
8648.7500
8689.0250
8729.1750
8769.0000
8809.3500
8848.9000
8888.3750
8929.0500
8968.3500
9009.4250
9049.6750
9089.6750
9129.5750
9168.5500
9207.8750
9247.4500
9286.9750
9325.8500
9365.6500
9403.5250
9443.0750
9482.6250
9519.9500
9559.7750
9598.7000
9637.8750
9675.5000
9715.5500
9753.4500
9792.2500
9830.2750
9868.9250
9906.5750
9945.2000
9983.5000
10020.3000
10059.0000
10095.7250
10133.9250
10171.5750
10209.6250
10247.4750
10285.5000
10323.4250
10361.4250
10398.9250
10435.1250
10472.7000
10510.0750
10547.0250
10584.4500
10621.0000
10658.8000
10695.5000
10731.9500
10769.1000
10805.6500
10844.5500
10881.2000
10917.6000
10953.7750
10990.2500
11027.5250
11063.6250
11099.5000
11137.3500
11173.8250
11210.2500
11248.6250
11285.1500
11321.6500
11358.4000
11395.5500
11432.7750
11471.3500
11508.0500
11544.9250
11583.5250
11621.0750
11659.8000
11697.1500
11734.9500
11772.6750
11811.0250
11849.1000
11886.2750
11923.8500
11961.4750
11998.3250
12037.6750
12074.8000
12113.0250
12152.1000
12190.1000
12228.1000
12266.6500
12305.1250
12345.2250
12383.4750
12421.7750
12460.5250
12500.3500
12538.3750
12577.4750
12616.6250
12655.6000
12695.7250
12734.4750
12773.5000
12813.1750
12853.6000
12893.5250
12933.4500
12972.2750
13012.3500
13052.5750
13092.0000
13131.9750
13172.1500
13212.6000
13252.4250
13292.9500
13333.2500
13373.6500
13415.2000
13455.6250
13496.5500
13537.4000
13578.8000
13620.3250
13660.5500
13701.9500
13742.6250
13784.2250
13825.1500
13866.4750
13907.2000
13948.1000
13990.4250
14032.3750
14074.0250
14116.1750
14158.2250
14200.6000
14243.7250
14285.1750
14327.6750
14370.6500
14413.3000
14456.4750
14499.3750
14543.0000
14585.5250
14628.8750
14673.1250
14716.0000
14760.2750
14803.0500
14847.7250
14891.4500
14935.9250
14978.5750
15023.2250
15067.7250
15111.3250
15156.3500
15201.4250
15246.1250
15291.2250
15336.4000
15381.6500
15427.3500
15473.2500
15518.5000
15564.9500
15611.3750
15657.4750
15702.6750
15749.4500
15796.6500
15844.2250
15890.7750
15938.6500
15987.1000
16034.9250
16083.1500
16131.9250
16180.3500
16228.2250
16276.5250
16326.1500
16374.4250
16423.3750
16472.9250
16522.5000
16572.5250
16622.3250
16673.0000
16724.2750
16775.3750
16826.5250
16877.6750
16930.1000
16982.1250
17034.7750
17088.0000
17139.9250
17193.4500
17247.1750
17301.5750
17356.0750
17409.9000
17464.8750
17519.6250
17575.4500
17632.3250
17689.7750
17746.9750
17804.6250
17863.6500
17921.7250
17981.0500
18041.1250
18102.2500
18163.7000
18226.3750
18289.2500
18353.0500
18417.5500
18483.7250
18550.7750
18619.0750
18687.4750
18758.0500
18829.8500
18903.1500
18976.5750
19052.8750
19129.9250
19209.4750
19289.3000
19371.2750
19453.7000
19537.8750
19623.0250
19709.6750
19799.4000
19890.5500
19985.4750
20082.1250
20182.6250
20287.9750
20404.9750
20551.8000

