4648.1750
4734.0500
4814.2000
4890.4250
4963.0000
5036.9000
5108.6750
5178.4250
5248.8000
5315.5250
5381.0250
5446.2500
5508.8750
5572.2750
5634.6250
5695.6250
5756.6500
5816.1750
5874.7750
5932.9000
5991.1000
6047.8500
6104.6000
6161.2500
6217.2500
6272.2750
6327.8500
6382.6750
6436.8250
6491.7250
6544.9000
6597.1750
6649.9750
6702.4000
6754.7000
6806.7500
6858.6750
6909.2750
6961.2000
7012.4750
7062.9000
7113.3750
7164.7500
7214.6250
7264.8250
7315.1750
7365.2250
7413.9000
7463.4250
7511.0250
7559.1000
7607.4500
7655.9250
7704.7250
7753.0250
7800.2500
7847.5000
7894.0750
7941.9000
7988.2500
8035.4000
8081.9250
8129.3000
8174.9500
8220.3250
8265.8250
8311.7000
8357.2000
8402.2750
8447.3250
8493.5250
8537.8750
8583.1000
8628.6250
8673.5000
8717.5250
8762.6750
8807.5500
8851.0500
8895.3000
8938.7750
8983.0000
9027.6250
9070.9750
9114.3500
9158.0000
9200.8750
9244.1250
9286.4500
9329.9000
9372.3250
9415.8000
9458.6750
9501.5750
9543.5750
9586.5250
9628.7250
9670.8250
9714.0250
9754.7250
9796.2500
9837.9750
9879.8750
9921.9000
9963.5250
10004.4250
10045.8750
10087.0750
10128.0250
10168.5750
10209.5750
10251.3750
10292.5500
10332.8500
10374.0250
10414.5250
10455.1500
10495.8750
10535.9750
10576.1750
10616.2000
10658.0250
10697.9500
10738.1750
10777.8250
10817.8750
10857.9250
10897.8250
10937.8750
10977.3750
11017.5750
11057.2500
11096.9000
11136.1500
11176.7500
11216.4250
11256.8750
11297.3000
11337.2500
11377.2000
11416.9250
11458.3000
11499.4500
11539.6250
11580.5500
11621.4000
11661.9750
11703.4500
11744.9000
11785.6000
11827.1250
11868.4250
11909.0500
11951.0000
11991.5500
12033.7500
12075.8250
12116.8000
12158.4750
12199.9750
12242.3250
12284.5250
12326.6500
12369.8750
12412.5750
12454.3750
12496.1500
12538.3500
12581.9750
12624.6750
12668.3000
12711.5250
12753.7000
12797.3500
12840.6500
12884.7000
12927.9750
12971.5500
13015.6000
13059.3750
13103.1500
13148.0250
13192.2250
13237.1750
13281.1000
13326.2250
13370.5500
13416.2000
13461.6500
13506.2500
13551.5250
13596.9750
13642.5500
13689.3750
13735.6250
13782.3000
13828.0750
13873.8250
13921.0500
13967.9750
14014.1500
14060.9500
14107.6250
14155.9000
14202.6250
14250.0000
14297.8000
14345.9750
14393.9000
14442.1000
14491.4500
14539.2000
14588.4000
14638.1500
14687.0250
14737.4250
14786.7250
14835.4500
14885.6250
14936.3000
14986.4750
15037.6500
15089.2750
15140.4500
15192.4250
15243.8500
15296.5000
15349.3500
15402.1500
15456.3250
15510.4500
15565.3500
15618.8000
15673.6250
15728.3250
15782.2750
15838.1000
15895.4500
15951.2250
16008.7500
16065.9750
16124.7750
16183.5250
16241.8500
16301.8000
16362.6750
16422.8750
16485.0500
16544.4000
16607.8000
16671.0000
16735.0750
16800.5250
16867.1000
16933.5500
17001.4000
17070.4000
17141.7000
17212.7250
17286.6000
17360.7000
17437.8000
17518.5250
17601.7250
17688.6750
17776.7500
17867.3500
17966.7250
18069.7500
18173.4250
18291.7750
18418.0000
18556.6750
18712.0000
18914.0500

