3453.7500
3564.1000
3655.9500
3737.3250
3816.2750
3892.7000
3966.9750
4041.0250
4113.3500
4185.5750
4256.0000
4326.5250
4395.1500
4463.4750
4529.8750
4595.7500
4660.3000
4724.6000
4788.3250
4850.0750
4911.2750
4972.0250
5031.8500
5090.6500
5148.3000
5206.0000
5263.1250
5319.5500
5375.3250
5430.9500
5485.7000
5540.4750
5595.3500
5649.3250
5702.7500
5756.6000
5810.0750
5862.5750
5915.5500
5967.2750
6018.7000
6069.2500
6120.4250
6171.9750
6223.0750
6273.6000
6323.9500
6373.8250
6423.5000
6473.3250
6522.6000
6571.8500
6620.1750
6668.8750
6717.5750
6765.0250
6812.4500
6860.3500
6907.9750
6955.5250
7003.2500
7050.7250
7097.3250
7143.7500
7190.6000
7237.2000
7284.0500
7329.3500
7375.3750
7421.1250
7466.1250
7511.1750
7557.6750
7602.0500
7647.8250
7693.2000
7737.4250
7782.9250
7827.2500
7871.1750
7916.5250
7960.3750
8004.3250
8049.0500
8093.8250
8137.2750
8181.7250
8225.3250
8269.2250
8311.7000
8355.6750
8398.8500
8442.1250
8484.9000
8527.7750
8570.8250
8613.9000
8657.4750
8698.9500
8740.9750
8783.2750
8825.2750
8868.6250
8910.1000
8952.1000
8994.2750
9036.7500
9078.0750
9120.1250
9160.7500
9201.9500
9243.1250
9285.3250
9325.9250
9366.4250
9407.1250
9449.0000
9489.9000
9530.7250
9570.1000
9611.4750
9652.2750
9693.1250
9733.5750
9773.0000
9813.5500
9853.7500
9893.3750
9933.8000
9973.6250
10013.5750
10053.6250
10094.4500
10133.5500
10173.3250
10212.3750
10252.3500
10290.8500
10330.7750
10369.8000
10408.3250
10447.0500
10486.3750
10525.9500
10564.3000
10604.0000
10643.3500
10681.5000
10720.5000
10759.8750
10798.4250
10836.7750
10876.3750
10914.7750
10952.6250
10990.6250
11029.7750
11068.7000
11106.3750
11144.7500
11184.5750
11222.0250
11260.9500
11300.2500
11339.4000
11376.9750
11416.0500
11455.7500
11494.7000
11534.8250
11574.4500
11614.5000
11653.5250
11693.4000
11732.5750
11773.5000
11812.5000
11853.3750
11893.7250
11933.5750
11973.5500
12013.8250
12054.4250
12094.4250
12134.5000
12174.7500
12215.7000
12255.2000
12297.3250
12337.6250
12377.6750
12418.6750
12459.6500
12500.4250
12541.6750
12583.0500
12622.9000
12665.6500
12706.6250
12748.6500
12790.6750
12833.2000
12873.5750
12915.5500
12957.1750
12999.3500
13041.7250
13084.1250
13126.6000
13168.1000
13210.9000
13253.2500
13296.1750
13339.2000
13381.0500
13424.6500
13466.1750
13509.2500
13552.3750
13595.2500
13639.2000
13681.9250
13726.1750
13769.2750
13813.0500
13857.4000
13901.3250
13945.1500
13988.9500
14033.3750
14077.6250
14122.1750
14167.6500
14211.6500
14256.7250
14301.4500
14346.6500
14392.1000
14437.3250
14482.7000
14528.2000
14574.4750
14619.8750
14665.6000
14711.5250
14758.9500
14805.6250
14852.6500
14899.7000
14947.0750
14995.1500
15041.8250
15090.0000
15137.4000
15186.5750
15234.7000
15283.1250
15331.5250
15379.8000
15429.3750
15478.4000
15528.1500
15578.1500
15627.5750
15676.4250
15727.1750
15776.5250
15826.3500
15877.2500
15928.6500
15979.6000
16031.6500
16082.9250
16135.9250
16188.3500
16241.4250
16293.9250
16347.9000
16401.2250
16455.2250
16509.9250
16565.2750
16619.4750
16675.6000
16731.0250
16787.2750
16843.2500
16900.4000
16958.0250
17016.1750
17073.1250
17131.3250
17190.0750
17250.0750
17310.5000
17371.9750
17433.6750
17496.2000
17559.6750
17623.6250
17688.7250
17755.0000
17822.9500
17890.8000
17960.4500
18031.2750
18105.2000
18178.8250
18254.4000
18332.2500
18411.4500
18491.2750
18573.6000
18658.4250
18744.0250
18831.5250
18922.3750
19013.2250
19106.4000
19204.6000
19303.7500
19405.1750
19511.0750
19622.3250
19741.1250
19864.7750
19998.9000
20150.5500
20324.7500
20562.2750

