4065.5750
4156.1250
4239.3000
4317.3250
4392.0500
4467.1750
4540.6000
4611.4000
4681.6000
4751.1000
4818.9500
4885.9250
4952.7000
5018.1250
5081.3750
5144.5500
5207.0250
5268.3000
5328.2000
5387.6500
5445.6750
5503.6000
5560.8500
5618.7500
5675.6000
5731.1250
5787.5750
5842.6500
5897.1500
5951.8500
6006.6750
6060.0500
6113.7250
6167.1750
6219.5750
6271.9500
6324.4500
6376.3500
6428.4000
6480.0750
6530.7500
6582.4750
6632.9500
6684.5000
6734.0500
6784.4000
6833.9500
6883.5000
6932.6750
6981.2500
7030.4750
7079.1750
7127.4250
7175.9750
7224.3000
7271.2250
7319.7500
7366.9750
7414.9250
7462.7000
7509.1750
7556.9750
7604.0750
7650.5000
7697.5750
7743.0000
7789.8500
7836.1750
7881.2250
7927.0500
7972.0750
8017.2500
8062.8750
8108.0750
8153.6250
8197.4500
8243.1000
8287.4750
8332.1000
8375.3250
8420.3250
8464.6500
8508.2500
8552.0750
8595.2500
8640.1000
8683.7750
8726.8000
8770.1250
8813.5500
8856.0750
8898.7250
8941.4750
8984.2250
9027.0500
9068.7250
9111.5250
9153.9000
9197.6000
9240.1750
9281.5250
9324.0750
9366.4000
9408.0750
9449.7250
9492.4250
9533.4250
9574.5250
9616.9000
9658.2500
9699.9500
9741.1250
9782.4750
9824.1250
9866.0000
9906.5500
9948.2500
9988.8000
10028.9500
10069.6500
10110.0000
10150.7750
10190.7250
10231.4000
10271.4750
10311.6250
10352.2750
10392.1750
10432.4750
10472.3250
10511.6250
10552.2250
10591.9500
10631.9000
10671.0750
10710.4500
10749.0500
10788.0000
10827.8750
10867.3000
10907.7500
10947.0750
10984.7000
11024.0750
11064.3000
11103.9000
11142.8250
11182.1000
11222.3000
11261.3750
11300.6000
11340.3500
11379.5250
11419.8000
11459.7000
11500.1000
11540.1750
11580.5250
11620.6250
11660.3250
11700.6750
11741.6500
11782.2750
11822.3250
11862.8250
11903.0000
11943.5000
11984.8000
12026.3500
12066.5000
12106.7000
12147.1250
12188.4750
12230.7250
12271.5000
12313.2000
12354.7500
12396.3750
12438.3750
12479.3500
12521.5750
12564.1250
12606.3250
12647.9750
12691.2500
12733.3000
12775.6500
12817.6000
12860.7000
12902.9000
12946.3750
12989.1250
13032.2500
13074.8500
13118.2500
13161.3250
13204.6750
13247.8750
13292.3750
13335.6000
13378.9250
13423.4250
13466.8000
13510.9000
13555.3750
13599.7500
13643.5500
13686.8750
13732.6750
13777.3250
13821.9250
13866.8000
13911.4500
13956.3250
14002.3000
14047.1500
14092.9250
14138.9750
14184.8000
14231.3500
14277.4500
14323.7000
14370.0000
14416.3000
14463.0250
14509.6750
14556.2500
14603.2500
14652.6750
14700.6000
14748.1000
14796.0750
14844.4750
14892.6000
14940.8750
14989.4750
15038.7000
15088.3250
15136.7500
15185.6000
15236.0000
15287.1500
15337.4750
15387.1000
15437.8500
15489.0250
15541.0250
15591.8000
15644.5250
15696.7250
15748.9250
15801.6250
15854.9500
15908.9750
15962.8000
16016.8000
16070.5500
16124.5250
16179.8000
16234.9500
16290.7000
16345.8000
16402.9250
16458.9750
16515.9750
16573.5250
16632.4750
16690.8500
16749.2250
16808.8250
16869.0250
16930.6750
16992.6000
17055.4250
17117.7750
17181.7000
17246.5000
17312.7000
17378.5750
17448.5250
17516.8750
17587.3000
17660.3750
17733.7000
17807.8750
17884.2000
17963.3500
18045.1500
18127.0250
18212.8500
18300.5250
18388.4500
18478.8750
18573.7500
18672.2250
18774.6000
18880.2000
18993.7250
19109.9500
19237.6000
19372.4250
19524.1750
19702.7750
19948.1500

