3852.1000
3947.8500
4030.8750
4109.2000
4185.8750
4259.9000
4334.9250
4407.7250
4478.9750
4549.0750
4619.1000
4687.2250
4755.2250
4821.9750
4887.4000
4951.8500
5015.8000
5077.9500
5139.2500
5200.3000
5260.9000
5320.4250
5378.3250
5435.9000
5491.9250
5548.7750
5604.6750
5661.0750
5716.2750
5770.3000
5824.9250
5879.3500
5932.8250
5986.1250
6039.2250
6091.9250
6145.0000
6196.6750
6248.6000
6299.5750
6352.1750
6402.3500
6453.1500
6504.5500
6554.7250
6604.1000
6654.3500
6703.6000
6753.2250
6802.0500
6851.0000
6899.8750
6948.5500
6997.5000
7045.8500
7093.3000
7141.0250
7189.3750
7236.6000
7283.2750
7330.2000
7377.4750
7424.8250
7470.8750
7517.3250
7564.0250
7611.1750
7657.2500
7703.4500
7748.7750
7794.3500
7839.7750
7884.9000
7929.7000
7975.3250
8020.3250
8065.6000
8109.7500
8153.3000
8198.6750
8242.4500
8287.8000
8331.6500
8375.2500
8419.3000
8462.9750
8507.1000
8551.1500
8594.9250
8638.3000
8681.9750
8725.0000
8767.3500
8810.7250
8852.6250
8895.7250
8938.9000
8981.0250
9023.4750
9066.2500
9108.8750
9151.4000
9193.7000
9236.6750
9278.3250
9319.8750
9361.3250
9402.2750
9442.9500
9485.4500
9525.7750
9567.1500
9609.0250
9649.7000
9690.2000
9732.2000
9772.4750
9813.3000
9853.4250
9894.0250
9934.3250
9974.6750
10015.9250
10055.6750
10095.9000
10136.3750
10176.1250
10215.2750
10256.1750
10296.5000
10336.4500
10377.0250
10416.6750
10456.5000
10496.1750
10535.6500
10575.0750
10615.0250
10654.7250
10693.9250
10733.4000
10772.6000
10811.6750
10851.9500
10889.8500
10928.3000
10967.6250
11007.2750
11045.3250
11084.6000
11124.4000
11163.0250
11202.4250
11241.4750
11281.6000
11321.1250
11360.6500
11400.3750
11440.9250
11481.0500
11520.1500
11559.5750
11601.2250
11639.8750
11680.2500
11719.6250
11759.7500
11799.9250
11840.3250
11880.5250
11920.6000
11961.0500
12001.0250
12042.0500
12083.3250
12124.1500
12165.4750
12205.9500
12247.0250
12287.9500
12329.7250
12371.7000
12412.0000
12453.5000
12495.0000
12536.9500
12578.2500
12620.7500
12662.5750
12704.6750
12745.5250
12787.9750
12830.3750
12872.1500
12915.6750
12956.8250
12999.5250
13042.2750
13085.2750
13127.8500
13171.7000
13214.7250
13257.7250
13300.9250
13344.7000
13388.2750
13432.5500
13475.2750
13519.3500
13562.8250
13607.0000
13651.1750
13696.0750
13739.1250
13783.6750
13828.6250
13873.4250
13917.5500
13963.6750
14008.4000
14053.8000
14099.8500
14144.7250
14190.0000
14236.2000
14282.2000
14328.2500
14373.8750
14421.7250
14468.1500
14514.4750
14561.8750
14608.6250
14655.5000
14701.8500
14749.1750
14797.0750
14843.5750
14891.6250
14938.2250
14987.5750
15035.9750
15084.3250
15134.0000
15182.9250
15231.8000
15281.6750
15330.5000
15380.8000
15430.4500
15480.6250
15531.6500
15583.2500
15633.7500
15685.2500
15736.9750
15789.1750
15841.0500
15893.2000
15946.7250
15999.7750
16053.6500
16107.5000
16161.2750
16215.4500
16270.1000
16326.7500
16381.0500
16435.6000
16492.7250
16548.8000
16605.7250
16663.0500
16720.5500
16779.1500
16838.3000
16898.2500
16957.3250
17018.1750
17078.7750
17141.7250
17204.3000
17266.1250
17329.9750
17394.8000
17460.0750
17526.4250
17595.7250
17665.7500
17736.1250
17807.6500
17882.5750
17958.8500
18035.0750
18113.6000
18194.2500
18275.1000
18360.1000
18445.2000
18534.7750
18624.2750
18718.7500
18816.9750
18917.3750
19020.7250
19127.9000
19237.1500
19356.4000
19483.1250
19616.0000
19766.3500
19940.6500
20178.5750

