4432.3750
4518.2250
4597.8250
4674.7250
4749.4000
4822.5250
4894.3250
4966.3750
5033.8250
5101.2250
5168.4000
5235.0250
5299.5000
5363.8750
5427.8500
5489.9000
5550.7500
5611.4250
5670.2500
5729.8750
5787.3500
5844.5000
5902.2250
5959.0250
6015.6750
6070.4750
6125.4000
6180.9000
6236.1750
6289.9750
6344.1750
6397.5000
6450.9750
6503.2250
6555.9000
6608.7000
6660.7000
6713.3250
6764.6250
6816.1750
6867.1750
6917.8250
6968.5000
7018.1750
7068.8750
7118.5000
7168.0250
7217.4750
7265.7000
7314.6250
7363.1000
7411.5500
7459.5000
7507.6750
7555.1750
7603.4750
7650.5750
7698.0500
7744.6250
7792.3750
7839.4250
7886.8750
7932.8500
7980.1500
8025.5750
8070.6750
8117.0750
8162.2000
8207.1000
8253.5250
8298.9000
8344.4250
8388.3000
8433.1500
8478.1000
8523.5000
8568.3000
8612.7500
8656.7500
8701.3500
8745.4000
8789.2000
8834.0750
8877.6000
8920.9500
8964.5500
9007.2250
9051.1500
9094.2500
9137.4250
9180.2500
9223.0000
9265.5750
9307.8250
9350.9750
9393.4000
9435.8750
9478.2250
9520.2250
9561.2750
9603.7250
9645.3750
9687.8500
9729.3250
9771.6750
9813.0750
9854.8500
9896.1500
9936.9750
9978.0500
10019.3250
10060.0250
10101.2500
10141.7000
10183.0750
10223.7500
10264.3250
10305.4250
10345.2750
10385.1750
10426.4500
10467.2750
10506.7500
10548.0750
10588.1250
10628.0000
10667.8500
10708.3250
10748.2250
10787.1750
10826.7000
10866.7500
10907.1250
10945.9000
10985.4750
11024.9250
11064.3500
11103.9500
11143.8250
11182.6750
11222.1000
11261.7250
11302.3750
11342.5250
11382.5500
11422.7000
11463.1750
11502.9750
11544.2000
11584.4750
11625.5000
11666.0250
11705.9000
11747.5500
11789.0500
11829.3750
11870.2750
11912.0000
11953.0250
11994.7000
12035.9750
12077.4750
12119.2250
12160.4000
12202.4000
12243.5000
12285.6750
12327.5250
12369.8000
12411.8750
12454.7250
12497.4750
12539.4000
12582.3500
12624.5000
12667.4750
12711.7750
12754.9750
12796.3000
12840.0250
12883.2250
12925.6500
12969.3000
13013.3000
13057.6250
13101.3000
13145.5500
13189.4500
13233.1750
13277.0750
13322.0250
13366.5500
13411.0000
13455.6250
13500.5750
13545.3000
13589.9250
13635.5250
13680.8250
13726.5250
13772.5750
13818.1000
13863.5750
13909.2250
13955.4500
14001.2000
14047.6250
14094.3250
14140.7750
14187.9500
14234.8500
14281.8250
14329.2750
14376.2750
14424.1500
14472.0250
14520.1750
14567.8750
14616.5250
14665.6500
14714.3000
14763.5500
14813.3000
14862.0250
14911.3000
14961.1250
15010.6750
15061.8500
15111.7250
15163.0500
15214.5000
15265.7000
15318.0250
15370.3750
15422.6250
15474.7500
15527.3000
15579.9750
15633.0750
15687.2500
15741.1750
15795.2000
15850.1500
15905.2250
15960.5000
16016.9750
16072.7750
16128.2000
16185.7250
16243.8750
16302.2000
16360.1750
16420.4000
16480.1500
16539.0000
16600.1500
16661.9750
16724.6250
16787.0750
16851.1250
16914.6000
16980.2750
17045.2750
17112.8250
17181.1750
17250.3500
17320.8250
17394.0250
17469.7500
17545.8750
17623.3000
17703.9500
17789.0250
17873.0750
17961.0000
18053.9500
18148.4000
18248.5250
18352.2000
18464.6000
18578.1250
18706.4500
18841.3000
18991.6500
19180.8000
19477.8750

