2529.7000
2693.7750
2835.4500
2959.9500
3070.2750
3172.0750
3261.2750
3341.6000
3417.4250
3490.6500
3560.3750
3630.4250
3699.8000
3768.4500
3835.5000
3901.6750
3967.6250
4032.3000
4096.7750
4158.6750
4221.6500
4282.1500
4342.7750
4401.3000
4460.0250
4517.7500
4574.3500
4631.7000
4687.8250
4743.8250
4799.7250
4853.7250
4908.3500
4962.4750
5014.8250
5067.6000
5120.7250
5173.1000
5225.1750
5276.9250
5328.0500
5379.9500
5430.7500
5481.5500
5532.2250
5581.6000
5631.5750
5680.9250
5730.6500
5779.2000
5829.2000
5877.2000
5925.6250
5973.6000
6021.8250
6069.9250
6117.4250
6165.4750
6212.8250
6259.4250
6307.0000
6354.0250
6400.9250
6447.2500
6494.0750
6540.4750
6587.4750
6633.6250
6679.3500
6724.1250
6769.3750
6815.2250
6859.4250
6905.9500
6950.2250
6995.2250
7040.4250
7084.5750
7128.8750
7173.0250
7217.6500
7261.6250
7305.6250
7350.3250
7393.8500
7437.7000
7481.0750
7523.7750
7567.2750
7610.0750
7653.1000
7696.1500
7738.9000
7781.6500
7824.1500
7866.3750
7908.9500
7951.0000
7992.3500
8033.7750
8075.3750
8118.1750
8159.2500
8201.2500
8242.8250
8284.3250
8324.9250
8366.7750
8407.9500
8449.3500
8489.2000
8531.1500
8571.9250
8613.0250
8654.6500
8695.2000
8735.7000
8776.5750
8816.8250
8857.8000
8898.1500
8938.3250
8978.7250
9019.4250
9058.8000
9099.2500
9138.5250
9178.8250
9218.4250
9258.6750
9298.3250
9337.8000
9377.0000
9415.5250
9454.9000
9493.7500
9533.5000
9572.4500
9611.5500
9651.3250
9689.9750
9729.0250
9768.7250
9806.5750
9845.0500
9884.6000
9923.1750
9961.5750
10000.5500
10038.2500
10077.6500
10115.6750
10153.1250
10190.8250
10229.3750
10267.8750
10305.6500
10342.7500
10380.3250
10418.6000
10456.0250
10494.3500
10531.7500
10569.4500
10607.7250
10644.2000
10680.9750
10719.1250
10756.1250
10795.1750
10831.0500
10867.7250
10904.9000
10941.6750
10979.1750
11016.9750
11052.7750
11089.8250
11127.6000
11164.4750
11202.1500
11240.1500
11277.5500
11315.1500
11352.5250
11389.9750
11428.4000
11466.3750
11503.6750
11541.5250
11579.5500
11616.6500
11655.0750
11693.6750
11730.5250
11769.4750
11807.6500
11845.7250
11884.1750
11922.3500
11961.0000
11998.9500
12037.0750
12076.8250
12114.9750
12153.8500
12193.0750
12232.1250
12270.4250
12309.9750
12349.1500
12388.9000
12428.5000
12467.0750
12506.9500
12545.4750
12585.8500
12625.5500
12664.3750
12704.9000
12744.7250
12784.3750
12823.9750
12863.6750
12904.6500
12944.1250
12984.4500
13026.0000
13064.7750
13106.2750
13145.8500
13187.0000
13227.7750
13268.2500
13308.7000
13349.3500
13390.1500
13431.8000
13472.7000
13513.7000
13554.3000
13595.7000
13637.2250
13678.7750
13720.5000
13761.8000
13803.0750
13845.5500
13888.3000
13929.7500
13971.5500
14014.0750
14056.9000
14098.5500
14140.6500
14183.0000
14225.9750
14269.4250
14311.8500
14355.4500
14398.6500
14441.0500
14484.8250
14529.3500
14572.5000
14617.5500
14660.2500
14704.1750
14747.8500
14791.7750
14836.8250
14880.7000
14926.0250
14969.7750
15014.0500
15058.9750
15104.6250
15149.1500
15195.8750
15241.4250
15286.7250
15333.0750
15379.2000
15424.9500
15471.0750
15516.8750
15563.7500
15610.9500
15658.2250
15705.0250
15752.3000
15800.0750
15847.0750
15895.4500
15942.9000
15991.0750
16038.9250
16087.4250
16136.9250
16186.1250
16235.1250
16283.9750
16334.7750
16383.8750
16434.2750
16484.5500
16535.1750
16586.1750
16637.4250
16688.4750
16740.0000
16792.9250
16844.5250
16897.9250
16950.9500
17003.9000
17057.4250
17110.4750
17164.6500
17219.1500
17273.9500
17328.0500
17384.3500
17439.9000
17496.2500
17553.1500
17610.7000
17668.6250
17726.6000
17784.8250
17844.4750
17904.8500
17964.2500
18025.7000
18087.7500
18150.5750
18214.8000
18279.0000
18345.2750
18412.0500
18479.4000
18549.3250
18620.4000
18691.4500
18764.4500
18839.1250
18915.0250
18991.7250
19071.2000
19151.1250
19231.8250
19314.4500
19398.7750
19485.1000
19572.3000
19661.2250
19752.4500
19845.2500
19941.9250
20039.6500
20143.5000
20253.5000
20373.4000
20529.1500

