5418.8000
5505.1500
5584.7500
5659.9750
5733.2750
5804.8750
5875.0250
5942.5750
6009.1000
6074.7500
6137.6750
6200.3250
6261.9750
6322.6750
6383.8750
6443.6750
6503.5250
6562.0250
6620.2250
6678.9500
6736.6750
6792.7750
6849.9000
6904.6250
6961.7500
7017.7250
7072.2000
7126.9000
7181.0500
7234.6750
7287.5000
7340.9500
7393.2000
7445.5250
7496.3750
7548.4750
7600.5000
7651.4750
7702.7500
7752.5750
7803.4250
7852.7000
7902.1250
7952.6250
8000.8750
8050.3750
8098.6000
8146.6750
8195.7750
8244.2500
8292.5750
8339.3750
8387.7250
8435.5250
8482.7000
8529.4000
8577.0000
8623.6750
8669.6250
8715.5500
8761.6000
8807.2250
8853.8500
8900.0250
8945.9500
8991.1250
9037.1250
9082.8750
9127.5500
9172.6750
9217.5000
9262.7250
9307.3250
9351.0500
9395.3500
9440.2250
9484.6250
9528.4750
9572.4000
9615.7500
9659.1250
9701.3250
9745.8500
9788.6250
9831.3250
9873.9250
9917.0250
9958.5250
10002.0750
10045.9250
10088.1250
10130.3750
10172.1000
10214.3750
10255.1500
10297.7000
10340.3250
10381.6500
10422.9500
10464.5000
10507.1500
10548.1500
10589.4000
10629.7000
10671.1750
10712.1000
10752.8500
10793.8250
10834.5750
10874.9500
10915.5000
10954.7250
10994.8500
11035.4750
11076.3000
11116.6750
11156.9000
11197.1750
11238.7500
11279.8250
11320.3000
11361.6750
11403.1000
11445.1000
11486.9750
11529.0250
11571.2000
11612.2000
11654.3000
11695.5500
11737.6750
11779.7500
11821.9250
11864.4000
11906.6500
11949.2000
11992.0750
12034.6250
12077.5000
12119.4250
12162.9500
12205.9500
12250.6000
12292.9000
12337.2250
12380.6000
12424.0750
12467.1500
12511.4000
12553.6750
12598.1000
12643.2250
12688.0000
12732.4250
12777.1000
12821.2750
12866.7000
12911.9000
12956.6500
13002.1750
13047.5750
13093.2250
13138.7000
13184.0750
13231.6250
13277.0000
13323.0750
13370.4250
13415.6750
13463.2000
13509.9750
13557.6750
13605.0000
13652.4250
13700.3250
13747.4500
13797.2750
13844.2250
13892.4500
13941.0750
13989.8500
14039.2750
14089.4750
14138.9500
14188.7500
14238.6000
14290.1500
14341.2000
14392.0750
14443.4500
14494.6250
14546.0750
14598.7250
14650.7500
14703.6000
14756.2250
14810.2250
14864.7500
14918.7250
14972.3750
15028.5750
15083.9500
15139.5750
15196.6750
15252.5500
15310.1250
15367.1250
15424.4000
15484.3750
15544.3000
15603.3250
15663.9250
15725.1250
15787.1250
15850.8750
15912.8000
15977.4500
16043.2000
16108.6750
16174.0250
16243.4500
16311.3500
16380.5500
16451.4750
16526.5000
16599.6500
16674.4250
16755.8500
16835.5000
16920.2500
17009.1000
17104.1250
17203.0750
17311.5500
17426.5750
17588.1750
17842.5000

