4233.6750
4322.8000
4404.9500
4480.6000
4555.3250
4630.0000
4705.1250
4776.3250
4845.9250
4916.4250
4984.8750
5051.9000
5117.6500
5183.0000
5246.1500
5310.2000
5371.9500
5432.5250
5491.3750
5551.0500
5609.7750
5668.2500
5725.7000
5782.7750
5840.0750
5895.4500
5951.8750
6006.1500
6060.2250
6115.0000
6169.5750
6222.7250
6276.6750
6330.2000
6382.5250
6435.9500
6487.6750
6539.5250
6591.0250
6641.9500
6693.2250
6744.6750
6794.7750
6846.0000
6895.9750
6946.8250
6996.3500
7046.7750
7096.2500
7145.5250
7193.7250
7242.3500
7291.0250
7339.3250
7387.7000
7435.3000
7482.8750
7530.6250
7578.3250
7625.4000
7672.5250
7718.7500
7765.1250
7811.6500
7858.3000
7904.4750
7950.6000
7996.3500
8042.5250
8088.4500
8132.9750
8178.1750
8222.6000
8268.1500
8312.2500
8356.7250
8401.9250
8446.9500
8491.7000
8537.2500
8581.5250
8625.4750
8670.2500
8714.1250
8757.4000
8801.4500
8845.0000
8888.3000
8931.5000
8975.1750
9017.3000
9060.6250
9103.2250
9145.5250
9188.7500
9231.6000
9273.9250
9316.5750
9359.1000
9400.5500
9443.1250
9485.5750
9526.9250
9569.5250
9611.5250
9652.8750
9694.4000
9735.9500
9777.4250
9820.1500
9861.0000
9902.1000
9943.7000
9985.4000
10025.6500
10066.0500
10106.9000
10147.7750
10189.0500
10229.2750
10269.1750
10309.7500
10349.4250
10391.1000
10431.3000
10471.0000
10511.1250
10551.1500
10590.3500
10630.7250
10670.2750
10711.0000
10748.8750
10788.3000
10828.3250
10867.1000
10906.2250
10945.7750
10985.6500
11024.5000
11063.6750
11103.1250
11142.6500
11182.5500
11221.8000
11262.1000
11301.8250
11341.3250
11380.9750
11422.1000
11461.3250
11501.1500
11542.0750
11582.1750
11621.3500
11661.9750
11702.2000
11742.9250
11783.4750
11823.6250
11865.0750
11905.5000
11946.6750
11987.7000
12028.4500
12070.3000
12111.9500
12153.2750
12194.3750
12235.9500
12276.8500
12318.3000
12360.4500
12402.0000
12444.1000
12486.5750
12528.8250
12571.1500
12613.1500
12655.1750
12697.7250
12739.8750
12783.0500
12825.1750
12867.6750
12911.1000
12954.3500
12997.3250
13041.3250
13084.3750
13128.4250
13172.5250
13216.2250
13259.7000
13303.6000
13347.0250
13390.8000
13435.2000
13480.0000
13524.1250
13569.2750
13614.1000
13659.0000
13703.4500
13749.5750
13794.1250
13839.2000
13885.9500
13931.0000
13977.0250
14022.7750
14068.2500
14114.3500
14160.7500
14207.1250
14254.3250
14301.0500
14347.9250
14395.0250
14443.0000
14490.1750
14537.9750
14586.9750
14635.4500
14682.7500
14730.3000
14779.7000
14828.0000
14878.1250
14926.8250
14975.8000
15025.3500
15075.2500
15125.7000
15176.0750
15226.5500
15277.8000
15329.0250
15379.9250
15431.6250
15483.2250
15535.2750
15586.8000
15639.2000
15691.8500
15745.6500
15798.7500
15852.9750
15906.9000
15961.4250
16015.5250
16070.8500
16126.0250
16181.3500
16237.5500
16294.4250
16351.2500
16409.1250
16466.9500
16525.7750
16584.2500
16644.7000
16705.3000
16765.5750
16827.1750
16889.8000
16951.5500
17015.3500
17080.3000
17144.7250
17211.8500
17279.4250
17347.8500
17418.1500
17490.0250
17562.4750
17636.9750
17713.6500
17791.0250
17872.8000
17954.4000
18038.3500
18126.8500
18216.6250
18309.5250
18407.5500
18506.5750
18609.9000
18720.7500
18836.4750
18958.1000
19089.0250
19239.2250
19412.6500
19654.2000

