2885.6000
3028.5750
3150.2250
3255.0250
3344.5000
3425.4250
3501.9750
3576.8500
3649.9250
3722.8500
3792.9500
3863.7500
3933.7750
4003.2750
4071.1000
4137.4500
4202.8500
4267.7500
4332.0750
4394.0250
4456.8500
4517.8500
4578.9000
4637.9500
4697.4000
4756.7000
4813.9250
4871.4500
4927.4250
4983.4250
5038.8000
5093.1000
5148.4000
5201.5000
5255.4000
5307.7750
5360.0250
5413.0500
5465.9250
5517.4750
5568.9250
5619.9250
5670.6250
5722.2000
5772.6750
5822.9500
5872.8000
5922.4250
5972.4000
6021.5000
6070.9000
6119.2750
6167.9500
6217.2500
6265.0500
6313.8500
6362.6250
6409.1750
6455.8250
6505.1500
6552.4250
6599.3500
6646.5250
6692.7500
6739.5000
6786.4500
6832.4250
6878.3750
6924.8250
6970.5000
7016.4750
7061.3500
7106.8750
7151.5750
7196.6500
7241.6750
7287.2500
7332.8750
7377.0500
7422.1250
7465.1750
7509.7750
7554.3250
7598.4500
7643.4250
7687.0250
7729.6500
7772.9250
7817.2500
7860.1500
7903.8750
7946.8500
7989.3750
8032.1750
8075.1750
8117.9000
8159.7250
8202.9250
8245.4000
8287.7500
8329.9750
8371.9250
8413.4750
8456.9250
8498.3000
8540.9000
8582.8250
8623.3500
8665.0500
8706.6000
8746.9500
8787.8500
8829.6500
8871.2750
8912.7750
8953.7250
8994.4000
9035.4750
9076.8000
9116.7500
9157.6500
9196.8000
9237.9750
9278.1750
9318.3500
9359.6250
9399.5250
9440.0000
9479.9500
9519.4500
9559.6500
9599.3000
9638.9500
9677.8500
9717.5250
9757.1750
9796.0250
9835.3500
9875.1000
9913.5500
9952.7750
9991.6500
10030.5000
10069.8250
10108.4000
10146.5000
10185.8500
10224.2750
10263.5250
10301.6250
10340.2000
10378.3500
10416.9500
10455.6000
10494.6750
10531.4250
10569.8250
10608.9500
10646.1250
10683.1500
10721.8250
10760.0250
10798.2500
10835.9750
10874.5250
10911.6750
10949.9250
10988.6000
11026.8250
11064.3250
11102.4750
11139.4250
11177.6000
11214.6500
11253.1250
11291.6000
11330.3250
11367.7500
11407.0500
11444.2750
11482.1250
11521.2250
11559.2000
11597.8000
11636.5000
11674.5250
11713.2500
11751.0250
11790.7750
11830.6250
11869.7500
11908.5000
11948.6500
11986.5750
12026.9000
12066.5500
12105.5250
12145.8500
12184.2500
12223.6250
12263.7500
12304.1750
12342.3750
12382.3250
12422.1750
12462.4000
12502.5500
12541.4000
12581.2750
12622.4250
12661.3250
12701.7750
12742.8750
12783.3000
12822.9500
12863.5000
12904.7000
12945.2000
12986.9500
13027.3250
13068.4750
13109.5750
13150.8750
13191.3250
13232.9750
13273.8500
13315.0250
13357.7500
13398.6750
13441.3750
13483.5500
13525.1750
13568.3500
13609.7250
13652.0750
13694.1500
13736.0750
13778.5000
13821.7750
13863.5250
13906.4250
13949.4750
13990.6000
14035.2500
14077.9500
14120.8750
14164.3250
14208.4500
14252.0750
14295.8250
14340.7000
14383.8500
14428.0500
14471.4250
14515.7750
14560.5750
14605.5500
14649.9250
14695.2000
14741.0000
14785.4500
14830.9250
14875.7250
14920.4250
14966.0000
15011.9000
15057.7000
15103.6500
15150.4250
15195.9000
15242.7750
15289.8500
15336.2750
15382.6750
15429.3000
15477.0750
15524.2000
15572.8000
15620.8500
15668.8750
15717.7500
15766.3500
15814.6250
15863.2750
15912.4250
15962.1750
16010.9000
16061.0750
16110.9500
16160.9500
16212.4250
16262.5750
16313.2000
16363.9750
16416.5750
16467.7000
16520.0750
16572.8500
16625.1750
16678.6250
16731.7500
16785.0000
16837.7500
16892.0500
16946.4250
17001.0000
17055.9000
17111.9250
17167.2500
17222.7500
17279.9500
17337.7000
17394.6000
17452.8250
17511.5000
17570.4500
17630.8250
17691.2000
17752.7500
17814.2750
17876.5000
17941.1250
18005.7500
18072.3750
18138.6000
18206.4750
18275.6250
18344.7500
18416.2000
18488.2750
18562.9750
18637.7000
18713.4750
18792.3000
18873.6000
18955.0750
19036.7750
19121.0000
19205.9750
19293.1500
19382.3250
19473.0000
19565.8000
19660.5750
19759.4250
19861.4000
19967.2750
20078.6250
20198.3500
20335.2250
20526.1250

