2023.9000
2201.5250
2363.7750
2504.0500
2633.8500
2753.5750
2864.5000
2965.6500
3056.6000
3139.5500
3215.8000
3287.8500
3357.7000
3426.4500
3492.8250
3558.3750
3623.5500
3688.7000
3751.7000
3813.0500
3874.9000
3935.8000
3995.3750
4055.4000
4113.6250
4171.0250
4227.5000
4283.8250
4339.0250
4393.9250
4448.9500
4502.1250
4557.0000
4610.0000
4661.7000
4714.5250
4766.2500
4817.8750
4869.6250
4920.0750
4971.4000
5022.7250
5071.8000
5122.1000
5171.4750
5221.8500
5271.1500
5319.9500
5369.8500
5418.6750
5466.0750
5515.3250
5563.9000
5611.1250
5657.9500
5705.2750
5751.7750
5799.9500
5846.2000
5892.9750
5939.3750
5986.4000
6031.7250
6077.7750
6123.2250
6169.6750
6214.8750
6259.7250
6304.9000
6349.8750
6395.2500
6440.3250
6484.7000
6530.0750
6574.8750
6618.7750
6662.6500
6707.3750
6750.8750
6794.4500
6838.0500
6882.1000
6926.1750
6968.8500
7012.0000
7055.2500
7097.6500
7141.8750
7183.6750
7225.7500
7268.8500
7310.6000
7353.0250
7394.9750
7437.6250
7478.9500
7520.8250
7561.9000
7603.8750
7645.1750
7686.1250
7727.1000
7768.5250
7809.1250
7851.1000
7892.2250
7932.8500
7973.7500
8014.3500
8054.7750
8094.5250
8135.2500
8175.6000
8216.4500
8256.5000
8297.8000
8336.8250
8376.9000
8416.3750
8456.3750
8496.6250
8534.4750
8574.7000
8614.8250
8654.1250
8693.5750
8733.1250
8771.9250
8809.8000
8849.9250
8888.9250
8927.6250
8966.1000
9006.6250
9044.3250
9083.0750
9122.2500
9160.4250
9198.3250
9236.0500
9274.3500
9312.7000
9351.3000
9389.4250
9427.6250
9464.8750
9503.3500
9540.9500
9578.2500
9615.8750
9655.0250
9691.3500
9729.2500
9765.7250
9803.5250
9840.8500
9879.4500
9916.6250
9953.5000
9990.0500
10027.6500
10064.2000
10099.8500
10137.8000
10173.8000
10211.1250
10247.2000
10284.4500
10321.1250
10357.5500
10394.9000
10432.1750
10469.1500
10505.5000
10540.7500
10577.9000
10613.5000
10651.3750
10687.5750
10722.6000
10759.1750
10795.0000
10831.1500
10867.9500
10904.4500
10939.7750
10975.8500
11011.9000
11048.0000
11084.2750
11120.8750
11156.7500
11192.2750
11227.3000
11264.3500
11300.9500
11336.8750
11372.8750
11410.5000
11446.8250
11482.7750
11519.5750
11557.0750
11593.0250
11629.4750
11666.4750
11703.6000
11740.4000
11777.3750
11814.2500
11850.7500
11888.2000
11925.4250
11962.5500
12000.1250
12036.5750
12073.0750
12111.4500
12149.5500
12187.6250
12223.8500
12262.3250
12299.4500
12337.7500
12375.2250
12412.7500
12451.7500
12489.3500
12525.9500
12565.1750
12603.3250
12642.3250
12680.4250
12719.1000
12758.1500
12796.1250
12835.8500
12873.7500
12912.0000
12951.0750
12988.7500
13029.5750
13068.6250
13108.9250
13147.9000
13186.8250
13226.6500
13265.2000
13305.0000
13344.9750
13384.6500
13424.5750
13464.9000
13504.5000
13544.7750
13584.5500
13625.2000
13665.0250
13705.7000
13745.4750
13786.3000
13826.3750
13866.7000
13906.6250
13947.3750
13988.2250
14028.5250
14070.1000
14110.5500
14152.4500
14192.8000
14234.7000
14274.8000
14317.5750
14359.4250
14401.9500
14443.5750
14485.5250
14528.6500
14570.5750
14612.3500
14654.3500
14696.5000
14739.2000
14781.6250
14824.5750
14868.3000
14911.5500
14954.8000
14998.4250
15041.9250
15085.6500
15128.7000
15173.0250
15216.4000
15260.1250
15304.7000
15348.7000
15391.5500
15437.0250
15481.1250
15525.1750
15571.2000
15615.9000
15660.8250
15706.4750
15751.8000
15797.1000
15841.9500
15888.1000
15933.7000
15979.1000
16026.2000
16072.1500
16118.7250
16166.6500
16213.9750
16261.0750
16308.4000
16356.1750
16403.5750
16451.5000
16499.7750
16549.3500
16597.5250
16646.0500
16694.8250
16743.8500
16793.8250
16843.7750
16893.7250
16944.2500
16994.9250
17045.4500
17096.8750
17148.3000
17199.9000
17252.1750
17304.3500
17356.2750
17408.6750
17462.2250
17515.4750
17569.0250
17623.7250
17678.1250
17733.6250
17787.8000
17843.8250
17899.8000
17956.1000
18012.5000
18070.3750
18128.9500
18187.1500
18246.2750
18306.2500
18366.5000
18427.4500
18489.9500
18552.4250
18616.7500
18682.4250
18747.8750
18815.5750
18884.2250
18953.3000
19025.3750
19098.5500
19172.4250
19248.3250
19324.6000
19402.8250
19482.7250
19563.7000
19645.7750
19729.0000
19814.6500
19901.2500
19989.2500
20080.0000
20172.9000
20268.9500
20370.0250
20477.8250
20601.1750

