5035.8750
5119.5250
5198.1250
5274.7250
5347.8500
5421.0000
5492.3500
5561.3250
5628.9750
5695.7000
5759.9500
5824.8500
5887.2250
5947.8000
6007.7000
6068.6250
6128.2750
6187.4500
6245.9250
6304.3250
6361.1000
6417.9750
6473.5000
6530.5500
6586.5500
6641.3000
6695.5750
6751.7000
6804.5750
6858.6750
6911.2250
6964.7500
7017.5750
7069.6250
7121.7250
7173.4750
7225.0000
7276.1750
7327.9000
7378.8250
7428.9000
7480.1750
7530.5250
7580.8500
7629.3500
7679.8750
7728.3250
7778.1000
7826.5250
7874.9000
7923.5500
7971.0750
8019.0000
8066.6250
8113.7250
8160.7250
8207.3000
8255.4750
8301.8000
8349.2500
8395.7750
8443.1250
8488.0000
8534.4000
8580.7750
8626.4250
8671.8750
8718.1500
8762.2000
8806.6500
8851.9500
8896.4500
8941.3000
8985.8750
9029.5500
9073.9250
9118.8500
9163.6750
9207.1500
9251.5000
9295.7000
9338.4000
9381.8750
9425.6250
9469.4750
9512.0000
9555.1250
9598.7500
9642.4750
9684.6500
9726.4250
9768.9250
9810.7500
9852.9750
9896.1250
9938.3750
9980.8500
10022.6500
10064.6750
10106.6000
10147.6750
10189.7500
10230.4250
10271.4500
10313.5500
10353.4250
10395.3500
10436.7500
10476.9250
10517.9250
10558.7000
10599.4500
10640.0250
10680.9000
10720.5500
10761.1500
10801.3250
10842.8750
10882.8500
10922.1750
10962.6000
11001.8750
11041.6750
11081.9000
11122.4750
11162.8750
11203.5250
11243.1750
11283.7500
11324.1750
11365.2000
11406.0750
11447.5500
11488.2000
11529.2250
11570.8750
11612.6500
11653.7500
11694.7500
11735.9250
11777.1750
11818.9250
11860.7250
11902.5000
11943.8000
11984.7000
12028.7000
12070.1750
12113.0000
12154.3250
12196.8750
12239.6000
12281.9000
12324.3000
12367.0750
12409.9500
12453.0000
12495.3000
12538.3500
12581.1250
12624.7500
12668.3250
12712.9250
12756.8750
12799.9750
12844.3750
12887.9250
12932.4000
12976.8250
13020.8750
13066.2500
13111.8500
13156.8500
13203.0000
13248.8500
13293.5000
13339.1250
13384.8000
13430.6750
13476.7250
13523.7000
13569.5750
13616.1750
13662.8000
13709.4500
13756.6750
13804.0750
13850.8500
13899.2500
13946.3000
13993.1000
14040.7750
14087.9250
14136.7250
14185.6500
14235.2500
14283.6750
14332.4500
14381.6500
14431.3750
14481.2000
14531.0500
14581.0250
14632.6250
14682.4000
14733.7250
14784.3000
14836.4500
14888.1000
14939.8500
14991.1000
15045.0000
15098.1000
15151.5750
15205.7000
15258.9750
15314.7750
15369.4750
15424.7500
15481.2500
15537.6000
15593.8500
15651.0000
15708.3500
15766.9500
15824.6250
15884.3000
15942.4750
16002.1500
16062.3750
16124.2500
16185.6000
16247.2000
16310.5500
16374.2750
16438.1250
16504.1250
16569.5250
16636.2500
16704.3250
16774.2500
16844.5750
16918.8250
16992.4000
17070.0500
17148.2250
17231.5750
17316.0750
17402.2750
17494.8750
17593.9000
17702.3750
17819.7250
17949.8750
18091.8000
18311.5250

