3267.6750
3393.9750
3492.0250
3579.1500
3657.6500
3733.7000
3808.7500
3883.1750
3954.9500
4027.5750
4099.3500
4168.5750
4239.0750
4307.0000
4374.6250
4441.4250
4506.3250
4571.4250
4634.7000
4696.8000
4758.6250
4818.8250
4879.1750
4937.1250
4996.3500
5053.5750
5111.0250
5166.9000
5223.1000
5278.6500
5333.4750
5387.5250
5442.6750
5497.1250
5550.9250
5604.6750
5658.1000
5710.2250
5762.3750
5814.5000
5866.7500
5918.1500
5969.6750
6020.0250
6070.8750
6121.1000
6171.3500
6221.0250
6271.1500
6319.9750
6370.2750
6418.5500
6468.2250
6516.9750
6565.4750
6613.2250
6661.6500
6709.6750
6758.2500
6805.9250
6852.3750
6900.0750
6946.5000
6993.6250
7039.9250
7086.9000
7133.6750
7178.6250
7225.0750
7272.0750
7317.7750
7363.2750
7408.1750
7453.8250
7498.9750
7544.1500
7589.5000
7633.9750
7679.3500
7723.9750
7767.8000
7812.8500
7856.3750
7900.4250
7944.4000
7988.6000
8032.1750
8075.9750
8120.1500
8163.1500
8206.6750
8250.0000
8294.0500
8336.6500
8379.8250
8421.6250
8465.4500
8507.5000
8550.9750
8593.6250
8636.6250
8677.7750
8721.1000
8763.1750
8804.8500
8847.1750
8889.6000
8931.4250
8972.0500
9014.4750
9055.2500
9096.0500
9137.3250
9177.8750
9219.5750
9261.4250
9302.0000
9343.1750
9384.6750
9425.8000
9465.7250
9505.6750
9546.3250
9586.3250
9626.9750
9667.3750
9707.1750
9748.3000
9788.3250
9828.4250
9867.9000
9908.1500
9948.1500
9987.0250
10026.7000
10066.5500
10105.7750
10144.8250
10184.1000
10223.0000
10262.2000
10301.5500
10340.4750
10378.4250
10418.0250
10456.6250
10496.0000
10535.3750
10573.5000
10613.4000
10650.8500
10690.1250
10729.3750
10767.1250
10805.9750
10844.0750
10883.0750
10920.8250
10959.0000
10997.2250
11034.9500
11073.6500
11111.8750
11150.9000
11190.1750
11228.0000
11266.9500
11304.7750
11344.4750
11383.1250
11421.4500
11459.9500
11500.1750
11539.1000
11577.6750
11616.2000
11655.9000
11694.8750
11734.3000
11773.0250
11812.4500
11852.0750
11892.7000
11931.3750
11970.4500
12010.6750
12051.0250
12089.5500
12130.5250
12169.5000
12209.8000
12250.0250
12290.2750
12329.8500
12370.3000
12411.4750
12451.4250
12492.9500
12533.0500
12573.6750
12614.2000
12655.2250
12695.9250
12737.2000
12778.4000
12819.5500
12860.5250
12901.1000
12944.2250
12984.6000
13027.1500
13069.0250
13110.6500
13153.1250
13194.1250
13236.8750
13279.0500
13321.4750
13363.4250
13405.7750
13448.6000
13490.8750
13532.8750
13576.7750
13619.8000
13662.5250
13705.9250
13748.5500
13791.8000
13835.6000
13879.1250
13923.1000
13965.9750
14010.1750
14054.6750
14097.4750
14142.1250
14186.6750
14231.0500
14276.0000
14320.3750
14365.1000
14410.5000
14455.1250
14500.1500
14544.8250
14590.8000
14636.4250
14682.5500
14728.4250
14773.5750
14819.9250
14866.3250
14912.3500
14958.9750
15006.0750
15052.7500
15099.9000
15146.9750
15195.1750
15242.7000
15290.5250
15338.5500
15386.1000
15434.9500
15483.2750
15532.1750
15582.0250
15630.7250
15679.5500
15729.4000
15778.3750
15828.9000
15878.6750
15929.0500
15979.9500
16030.2000
16081.2750
16132.2000
16185.0000
16236.9750
16289.0500
16341.0750
16394.1250
16446.8500
16500.0750
16553.9500
16608.2000
16661.9000
16716.2000
16770.8000
16826.0000
16882.6000
16939.2500
16996.4500
17053.4250
17110.7250
17168.3000
17226.5250
17284.7000
17345.8500
17405.9750
17466.9500
17528.6000
17590.5000
17652.8750
17716.3500
17780.1250
17846.9250
17913.3500
17981.4500
18050.1250
18121.3000
18192.3750
18264.5750
18338.6000
18415.1000
18492.1750
18570.5750
18652.5000
18734.0500
18818.3000
18904.8500
18992.0250
19080.2000
19172.9250
19265.8750
19361.8750
19460.1500
19563.0750
19669.0500
19778.1000
19894.3250
20018.6750
20156.3500
20312.3000
20534.3000

