5242.4500
5326.4000
5406.5250
5481.0750
5554.5250
5625.1500
5695.9250
5763.4500
5828.6750
5894.6750
5959.2250
6021.1250
6083.4500
6145.4000
6204.6500
6264.7000
6323.0000
6383.1250
6440.9000
6498.2500
6555.2500
6611.2000
6668.0750
6724.6750
6780.8500
6836.2000
6890.5750
6944.5250
6997.2250
7051.9000
7105.0750
7157.5250
7211.2500
7263.2000
7314.6750
7366.5000
7418.6000
7469.5250
7520.4500
7570.3750
7621.0750
7671.3250
7720.8500
7769.9500
7820.2750
7868.8500
7918.2250
7966.4000
8014.5750
8062.6250
8110.5000
8159.4500
8206.4500
8254.2000
8301.9000
8349.7250
8396.5250
8442.5750
8489.6250
8536.6250
8583.0750
8628.3500
8674.7000
8720.9500
8766.2750
8811.5000
8856.4250
8900.6000
8946.1500
8991.3000
9035.3750
9079.6000
9123.8500
9168.3250
9212.1250
9256.9750
9301.4250
9344.6750
9388.8750
9432.7750
9476.3250
9520.2500
9563.4000
9607.0250
9649.9000
9693.0250
9736.8750
9778.9000
9820.9500
9863.0250
9906.0000
9948.6250
9990.8250
10033.4750
10075.3250
10116.7000
10158.2250
10201.3750
10243.1750
10283.8000
10325.7750
10367.3000
10409.3250
10450.9500
10491.9750
10532.9750
10573.2250
10614.6000
10655.1000
10695.5500
10737.0250
10778.0000
10817.5500
10857.9750
10898.4000
10939.0250
10978.8000
11019.2750
11059.7500
11100.3000
11139.9000
11180.6250
11220.6750
11262.5750
11302.8250
11344.1000
11385.1250
11426.4250
11466.6750
11508.0000
11549.1250
11591.3250
11633.1000
11673.9750
11715.4000
11756.6500
11798.3000
11840.8250
11883.2750
11925.3250
11967.6500
12009.5500
12052.3500
12094.1750
12137.0250
12179.6250
12222.3250
12264.6500
12307.8500
12350.2750
12394.0750
12436.9250
12480.8500
12525.0250
12568.2750
12612.2000
12655.3000
12700.1000
12744.3500
12789.5000
12833.6250
12878.7000
12923.0250
12968.8000
13013.4000
13058.7750
13103.7250
13148.6500
13194.2000
13240.4500
13285.2750
13331.6500
13377.0000
13423.6250
13469.7250
13517.1500
13563.5250
13609.6750
13656.5250
13703.5250
13750.4250
13798.9250
13847.0250
13894.0250
13940.9250
13989.8250
14038.2500
14087.5250
14135.7250
14185.0500
14235.0500
14284.3750
14334.2250
14384.5500
14435.0500
14485.1250
14535.3250
14587.1250
14637.9250
14690.1250
14741.4500
14793.9500
14846.2000
14899.2000
14952.3750
15006.2250
15060.9000
15115.4000
15170.2500
15225.4000
15280.4000
15337.7750
15393.4000
15450.4500
15508.9500
15565.9000
15624.9750
15684.3500
15743.8250
15803.5750
15865.1250
15925.4500
15986.7000
16047.7750
16110.4500
16174.2000
16238.9750
16304.4000
16368.5500
16436.0250
16503.2000
16572.7500
16642.8250
16714.2000
16789.1750
16865.4000
16943.3750
17023.6000
17108.4000
17196.1250
17293.3750
17397.3250
17502.8000
17625.9750
17763.8250
17951.5750
18412.8500

