3667.9000
3773.6750
3862.3000
3942.5750
4018.3750
4093.8750
4168.0500
4240.3750
4312.5000
4382.2500
4450.4000
4519.6750
4586.7000
4654.7500
4719.8750
4784.8500
4849.0750
4911.7250
4973.5750
5036.0500
5095.1000
5154.8000
5213.2750
5271.1000
5329.4750
5386.5250
5442.6250
5499.8750
5555.3750
5610.0500
5665.2250
5719.6000
5773.3000
5826.8000
5880.5250
5933.2250
5986.3000
6038.1750
6090.2500
6141.9500
6194.3500
6244.7500
6295.4750
6346.9250
6397.3500
6447.9750
6497.6750
6547.8000
6596.9000
6646.7500
6696.5500
6745.5250
6794.1500
6842.5250
6890.0000
6938.0500
6985.5750
7032.8750
7080.7500
7127.9500
7175.4750
7223.2500
7269.9750
7316.8250
7363.1000
7410.2000
7455.8000
7502.2250
7548.2250
7593.7500
7639.8250
7686.1000
7731.3500
7777.2000
7822.6250
7867.3750
7913.6500
7957.8750
8002.0750
8046.6250
8090.9250
8135.0250
8179.5250
8225.4750
8268.5750
8312.9000
8356.0500
8399.2750
8443.5000
8486.7000
8529.3500
8571.8250
8615.2000
8658.5250
8701.3500
8743.9750
8787.1500
8830.0750
8872.0750
8914.5250
8956.4000
8998.2250
9039.2000
9081.5500
9123.4000
9166.0750
9207.6000
9248.2250
9289.2250
9331.1750
9373.1250
9414.9000
9455.4750
9497.2250
9538.0250
9578.5250
9619.0750
9660.2750
9701.1500
9741.7250
9782.5750
9823.0250
9863.1750
9902.6000
9943.0750
9982.7500
10022.7500
10063.3500
10103.5250
10143.7250
10183.0000
10223.9000
10263.5000
10303.0250
10342.2750
10383.2250
10422.5500
10461.9000
10501.0250
10539.9250
10578.5000
10618.3500
10658.4750
10697.0750
10736.1000
10774.5250
10813.4750
10851.5500
10890.4250
10929.8000
10967.8250
11007.3250
11045.2500
11085.4000
11123.9500
11162.9250
11201.1250
11241.0250
11279.8750
11318.8750
11359.3250
11397.6250
11438.0250
11477.5500
11517.0250
11556.5500
11596.3000
11635.2500
11675.6500
11715.6000
11756.7000
11795.8250
11835.8750
11875.3750
11915.4250
11957.1000
11996.3500
12037.4000
12077.1500
12118.4750
12158.3000
12198.6250
12240.4000
12280.8750
12322.7250
12363.7000
12404.1500
12445.4750
12487.3500
12527.6500
12568.6750
12609.8750
12651.9750
12694.2250
12735.8500
12777.3250
12819.8000
12860.6500
12903.0750
12945.6250
12987.2250
13030.3750
13072.4000
13113.0000
13155.7500
13198.6000
13240.5750
13283.8750
13328.2000
13370.5250
13413.5000
13457.1250
13500.1500
13543.5750
13586.9250
13630.6500
13674.6250
13718.7500
13762.8000
13806.9750
13849.9250
13895.9250
13940.6500
13984.6500
14029.6250
14074.3500
14119.9500
14164.3250
14209.9250
14255.5750
14300.7000
14346.5500
14392.0000
14438.2500
14484.2250
14530.6250
14577.5750
14624.0500
14670.1000
14716.3250
14763.5500
14809.5000
14857.6500
14905.2500
14952.2000
14999.8000
15048.1750
15095.9750
15144.8250
15193.0250
15241.6250
15290.3250
15339.5000
15389.5250
15438.9000
15489.1000
15538.6000
15589.4000
15639.8000
15690.5500
15742.0000
15792.6250
15845.3250
15896.5250
15947.9500
16000.1750
16053.4500
16107.2000
16160.2500
16213.5000
16266.6250
16320.9750
16375.5000
16428.9750
16484.6250
16541.2250
16596.8000
16652.8250
16709.3000
16766.7750
16825.1250
16882.1250
16940.8250
16999.0000
17058.5500
17118.0750
17177.5000
17238.9500
17300.7750
17363.6250
17427.2000
17491.9000
17556.7250
17623.8250
17691.1750
17759.4750
17828.9500
17899.3750
17972.1750
18046.0500
18121.5250
18199.8000
18279.3250
18359.7250
18442.4500
18527.1500
18614.1500
18702.2500
18791.5250
18882.8750
18980.5500
19079.2000
19181.3500
19286.1750
19396.5250
19510.7250
19632.3250
19764.7500
19906.5500
20065.8000
20267.1500
20558.1750

