3073.8750
3208.8250
3319.3500
3413.0750
3497.5000
3575.3750
3650.6250
3725.0500
3798.7250
3870.9000
3942.0500
4011.4500
4079.6500
4146.9000
4214.6500
4282.3750
4347.4250
4412.2000
4476.1750
4538.9750
4600.5250
4660.8000
4721.6250
4780.7250
4839.4500
4897.7250
4955.2250
5012.0000
5068.6500
5123.6750
5179.6500
5234.9250
5289.1250
5343.3000
5397.3500
5450.3250
5503.6250
5555.9000
5608.3750
5660.1250
5712.4000
5764.4250
5815.8250
5867.6000
5917.3500
5968.9250
6018.5750
6068.8250
6118.0000
6167.5750
6216.9000
6266.7500
6315.4250
6363.7750
6412.2000
6460.1750
6508.3750
6556.2000
6603.3000
6650.9250
6697.7000
6745.1750
6793.2250
6839.8250
6886.6000
6933.6500
6979.3750
7025.5000
7072.1250
7118.3500
7163.6500
7208.7500
7254.3500
7300.1250
7345.1000
7389.4250
7434.5000
7479.2250
7523.6750
7568.0250
7612.2750
7656.7500
7700.7250
7744.4000
7788.9250
7832.5750
7876.1000
7919.9750
7963.8250
8007.6000
8050.4750
8094.0250
8136.9750
8179.7250
8222.8500
8265.8000
8309.5500
8351.4250
8394.3500
8437.0500
8480.3500
8522.1000
8564.1250
8606.3500
8649.1750
8690.6000
8732.3750
8774.2500
8815.7500
8857.4500
8898.6250
8939.9750
8980.6000
9021.6250
9062.6000
9104.9750
9144.9750
9186.1750
9227.1500
9268.4500
9309.1500
9349.1000
9390.3750
9430.9750
9471.0500
9510.6750
9549.9250
9591.6250
9632.3500
9672.1000
9711.4750
9751.5500
9792.4250
9831.5750
9871.7750
9911.9750
9951.3250
9990.9750
10030.6750
10069.2750
10108.9750
10148.4250
10188.6250
10227.0000
10265.9250
10305.0750
10343.4000
10381.0500
10419.8250
10458.1250
10497.0750
10535.0250
10572.7250
10611.5500
10649.3750
10687.4250
10726.9000
10764.0250
10802.6250
10840.1250
10877.7250
10915.5750
10953.4250
10991.4750
11030.2750
11067.4500
11106.5000
11145.0250
11183.4250
11221.4500
11259.2750
11297.2750
11336.4500
11373.8250
11413.6250
11451.8000
11491.1000
11529.8000
11568.8500
11607.1750
11645.9250
11684.5500
11723.5000
11763.1000
11802.2250
11841.2750
11881.2500
11919.4250
11959.0750
11998.0000
12038.1000
12077.7000
12117.8500
12158.4250
12198.3500
12238.1500
12277.0500
12316.8250
12357.4750
12397.0750
12437.5250
12477.8750
12518.4750
12559.1250
12599.7750
12639.5500
12679.7000
12721.1250
12762.1750
12803.1750
12844.2000
12884.5750
12926.4250
12966.5750
13008.5500
13050.1500
13092.4000
13133.9500
13175.4250
13217.2000
13258.8250
13301.1500
13342.5000
13384.9250
13426.9250
13469.8750
13512.1500
13555.9750
13597.8500
13639.7250
13682.6500
13725.3000
13768.3250
13811.8250
13853.4750
13897.2000
13940.5750
13983.4500
14027.3000
14071.3000
14114.4250
14157.8500
14201.3750
14245.6500
14290.1250
14333.6000
14378.8000
14423.8500
14468.6750
14513.1750
14558.7750
14603.5250
14648.6250
14693.5250
14739.7500
14784.9250
14830.7750
14876.8250
14922.8500
14969.4000
15015.3750
15062.5500
15108.7500
15156.8000
15203.7500
15251.6000
15298.3000
15345.7000
15393.6250
15441.5750
15489.7000
15537.3250
15587.1000
15635.4500
15684.3750
15733.7250
15782.2500
15831.3250
15881.6000
15931.1500
15981.2500
16032.1250
16081.9000
16132.1250
16183.1750
16234.3250
16285.8000
16337.5000
16389.5750
16440.7750
16494.3500
16546.9250
16599.3750
16652.6250
16706.7500
16760.4250
16815.5500
16870.2250
16925.5750
16981.7250
17037.0500
17093.4750
17149.5000
17206.7250
17264.4750
17322.9000
17381.8000
17440.9000
17500.8500
17562.7500
17623.2750
17685.1500
17747.0000
17810.5000
17874.6750
17940.2000
18006.6250
18074.1750
18142.8000
18212.4500
18282.8000
18356.3500
18429.8250
18505.2000
18583.4000
18661.7750
18741.3000
18824.0250
18906.7500
18989.9750
19076.2000
19162.8750
19252.3000
19342.3500
19437.1250
19534.4000
19632.7250
19735.9750
19842.7000
19952.9500
20071.5250
20199.2250
20345.7250
20553.1250

