3583.2000
3684.3750
3776.2750
3865.3500
3951.9500
4036.6750
4120.3500
4203.2000
4283.9000
4363.4250
4441.2000
4515.9750
4590.3750
4662.5500
4733.3250
4804.1250
4873.4750
4940.8750
5009.2750
5076.2500
5141.0250
5207.9250
5272.8500
5336.8000
5400.3500
5464.3750
5527.9000
5591.4750
5653.6000
5715.9500
5778.3000
5839.2000
5900.4750
5961.7500
6021.9250
6081.7750
6141.7750
6200.7250
6259.6750
6318.5250
6377.0250
6433.9000
6492.3750
6551.4000
6608.6750
6665.9000
6723.2750
6780.0000
6837.0000
6893.9250
6949.5500
7005.5750
7061.6250
7117.2500
7172.4750
7228.2250
7283.5250
7338.1250
7393.7000
7448.6250
7502.4000
7556.8750
7611.0750
7664.3250
7718.0500
7771.9500
7825.0250
7878.5500
7931.2500
7984.8750
8038.3000
8090.9750
8143.3500
8196.3500
8248.9000
8301.3500
8353.4250
8405.6000
8457.9500
8509.4500
8560.5250
8612.3000
8663.8250
8714.6250
8765.5000
8816.4000
8868.8000
8919.4250
8969.9750
9021.6500
9072.8500
9123.9750
9174.0500
9224.2750
9275.7750
9325.8750
9376.2750
9427.0250
9476.7750
9525.8750
9576.5250
9626.0000
9675.8750
9725.4500
9775.1000
9824.6250
9874.8000
9922.7250
9971.6500
10021.5500
10069.7250
10117.7250
10166.1250
10214.9250
10263.2750
10311.8250
10359.4500
10409.0250
10456.6750
10506.6500
10555.1000
10603.5500
10650.6250
10698.2250
10746.7000
10794.0750
10841.3500
10889.3250
10936.2250
10984.8750
11032.6250
11081.0000
11129.4000
11177.0750
11225.0750
11273.8250
11322.0500
11370.9000
11419.8000
11468.6500
11517.0000
11566.1250
11614.1250
11662.7000
11711.6500
11759.8500
11809.2000
11858.3500
11906.9500
11955.5000
12005.4750
12054.3750
12104.5250
12154.1250
12203.4250
12252.8500
12302.0000
12351.4750
12401.2750
12451.2000
12502.2000
12552.0750
12602.2500
12651.0750
12700.9500
12750.8250
12801.3750
12852.0000
12901.8250
12952.8750
13003.1500
13054.5500
13105.1250
13156.1000
13208.2250
13259.3500
13311.1500
13362.6250
13414.7250
13467.0250
13520.0000
13572.6000
13624.4750
13677.9000
13729.6750
13782.4750
13835.4750
13888.6000
13941.2250
13994.3250
14047.7500
14100.4500
14155.6000
14209.4750
14262.5750
14316.4500
14371.7250
14426.1000
14479.7750
14533.9500
14588.8500
14643.9500
14699.3000
14754.8500
14810.7750
14866.3000
14921.7250
14978.1750
15035.3000
15091.5000
15147.8500
15204.8750
15261.7250
15318.4000
15375.6000
15433.9000
15491.9750
15550.1750
15608.5000
15666.5000
15726.1750
15785.1250
15845.1000
15905.4000
15965.1750
16024.7250
16086.1750
16147.6000
16208.5250
16271.1000
16333.2500
16396.0500
16458.3750
16521.9250
16585.6750
16649.6000
16714.1250
16779.4000
16845.3250
16911.6750
16978.5250
17045.7250
17113.2000
17180.3500
17248.6000
17318.2000
17389.5500
17459.3250
17531.5000
17603.6000
17678.0000
17753.0750
17830.0250
17906.2000
17985.5000
18065.3250
18148.0250
18231.0750
18319.9750
18409.5250
18502.8500
18599.1250
18697.6000
18799.6500
18907.0000
19017.7000
19130.6500
19249.9750
19373.8750
19506.2250
19650.2250
19801.7250
19980.3250
20200.7250

