2861.3250
2996.0750
3103.3500
3197.0000
3285.4250
3372.1750
3456.2000
3539.8750
3622.4750
3703.0000
3782.0500
3859.7000
3936.5750
4010.8500
4085.1500
4156.8750
4228.4000
4298.1500
4366.6500
4433.7250
4500.7000
4566.9500
4632.9750
4698.1250
4762.0500
4826.2750
4889.6500
4953.2500
5015.2000
5077.1250
5139.6750
5201.6250
5263.0750
5323.9250
5384.9500
5445.1500
5504.5000
5563.9500
5622.6500
5681.5250
5740.0250
5797.9000
5855.0750
5913.1500
5970.2250
6028.1000
6084.9500
6141.2500
6198.5500
6254.4000
6310.9000
6367.6250
6423.6000
6479.3250
6534.4000
6590.4750
6645.2500
6699.8750
6754.5750
6809.1750
6863.7000
6918.1250
6972.2000
7027.0250
7080.3500
7133.8500
7187.3250
7241.0750
7295.3000
7349.1500
7402.2000
7454.4750
7507.6000
7559.6250
7612.4750
7664.2250
7716.9750
7769.8000
7821.4500
7873.5500
7925.2750
7976.8750
8027.5500
8079.9250
8130.8000
8182.8250
8234.3500
8285.9750
8336.9500
8387.8250
8438.8500
8488.5750
8538.5250
8590.1500
8641.6750
8692.9000
8743.2000
8793.7000
8842.9500
8894.1500
8943.6000
8993.6000
9044.1250
9093.9000
9142.8250
9192.9750
9241.6000
9291.8250
9341.8750
9390.7750
9439.2250
9488.9500
9538.1250
9587.9250
9636.5500
9686.0250
9734.9250
9783.7000
9832.0250
9881.9250
9929.2000
9978.2250
10028.1250
10076.2000
10125.6250
10172.9750
10221.8500
10270.2500
10318.4000
10366.8750
10415.3000
10463.7000
10510.9000
10558.9250
10607.4500
10653.8250
10701.9500
10748.5250
10797.2250
10844.1250
10891.6500
10940.0500
10986.9500
11034.6250
11082.7750
11129.6000
11177.1000
11225.2250
11272.2750
11319.9000
11368.7750
11415.8000
11463.5250
11510.0000
11558.2750
11606.4250
11654.9500
11703.5250
11752.0000
11801.0750
11850.0500
11898.0250
11946.1750
11993.7750
12042.9250
12091.4750
12140.6500
12189.7250
12238.5000
12287.8000
12335.8500
12386.8250
12434.7250
12483.2250
12532.8750
12583.6250
12633.7000
12684.1750
12733.7500
12783.6250
12832.6500
12884.6000
12934.6250
12984.5750
13035.6750
13085.8250
13135.6250
13186.5750
13237.1750
13288.1750
13337.9000
13389.1250
13439.8250
13490.3250
13541.5750
13593.2000
13643.5000
13695.9500
13747.3000
13798.2750
13850.0000
13901.4750
13954.3250
14006.8500
14058.7000
14109.6000
14161.6500
14213.9250
14266.8750
14318.7000
14371.3750
14424.1000
14477.5000
14531.3750
14583.4750
14636.7000
14690.2750
14744.5000
14799.0500
14852.8500
14906.6500
14960.8000
15014.3000
15068.5500
15124.2250
15179.0000
15234.3500
15289.5250
15344.9250
15400.4750
15455.5500
15511.6500
15568.0750
15623.3750
15680.0000
15735.8000
15793.0500
15849.5250
15906.6250
15964.0250
16021.7500
16079.7500
16138.7000
16196.1250
16254.2250
16314.3750
16373.7750
16433.5000
16493.7500
16554.6250
16614.8500
16675.3000
16736.8500
16798.8250
16860.2750
16922.7750
16984.7000
17047.8250
17110.6750
17174.5250
17238.1750
17302.8000
17367.6000
17432.8750
17498.9750
17565.8750
17632.5000
17700.5750
17768.1500
17836.5750
17906.1750
17975.3500
18046.4250
18118.9500
18191.5000
18265.6000
18341.7750
18418.7250
18496.5500
18576.3750
18657.9750
18741.7500
18828.0500
18916.3000
19006.7250
19099.2500
19193.2000
19291.9250
19391.1000
19493.5500
19597.1000
19703.5250
19813.1250
19926.7500
20043.1500
20167.0000
20297.5750
20436.2500
20589.9500
20772.1000

