3400.0000
3509.5500
3603.0500
3692.3750
3777.7500
3863.5000
3946.4000
4028.0250
4108.2500
4187.8250
4265.5000
4341.9000
4415.7500
4489.6000
4562.8000
4633.3000
4703.1750
4772.3500
4840.0750
4907.7250
4974.2000
5040.4500
5104.7250
5168.9000
5234.2750
5297.8000
5361.4750
5424.5250
5486.8000
5549.3000
5611.0250
5673.5750
5734.2750
5794.1750
5855.1750
5914.9750
5975.9250
6034.6750
6094.8250
6153.3750
6212.2250
6271.1750
6328.6250
6387.2000
6444.2750
6502.1000
6559.2500
6616.1500
6672.3000
6728.7500
6785.6000
6841.6500
6897.3250
6953.7000
7009.1750
7063.3000
7119.1250
7174.2000
7228.6750
7283.8000
7338.4500
7391.8250
7445.5000
7499.0750
7552.8750
7606.2500
7660.3500
7713.2750
7767.0750
7819.9250
7872.2750
7925.5250
7979.4000
8031.2750
8084.1500
8136.6500
8188.7500
8239.5000
8291.3500
8343.6250
8395.6750
8447.5000
8498.3750
8549.7000
8602.2250
8652.3000
8704.6250
8756.2500
8807.3750
8858.4250
8909.8250
8960.2250
9011.1750
9061.5750
9112.8000
9162.9750
9213.9000
9264.6500
9315.4750
9364.9750
9415.1250
9465.4250
9514.6750
9565.8500
9614.9750
9664.4750
9713.9000
9762.8750
9812.5500
9861.3250
9911.4250
9960.1750
10009.0500
10057.2500
10106.8750
10155.4000
10202.8500
10250.7500
10300.2250
10348.7000
10396.5000
10444.5500
10492.1500
10540.9500
10590.4500
10637.6750
10684.8250
10733.1000
10779.2750
10827.4750
10875.1750
10922.7250
10972.8000
11019.0250
11066.4500
11115.3250
11162.0250
11211.1250
11258.5750
11306.5500
11355.7750
11404.2000
11452.1500
11499.7000
11548.0000
11596.0250
11644.0750
11692.7500
11740.3750
11788.8750
11837.7750
11886.3000
11935.7250
11984.0500
12034.0500
12083.2000
12132.9750
12181.9750
12230.1750
12278.6250
12328.4000
12379.3250
12428.6750
12478.7500
12528.8500
12579.2500
12629.2500
12678.9000
12729.5500
12780.2500
12831.2500
12881.1000
12930.8250
12982.3500
13031.8500
13083.8250
13135.8000
13186.0750
13236.1000
13287.6250
13338.6000
13390.0000
13441.6000
13492.9750
13544.8000
13596.9000
13649.6000
13701.3250
13753.9500
13805.9500
13858.8000
13912.4500
13964.9500
14017.5750
14070.9750
14123.2500
14176.9750
14230.3250
14283.8000
14337.1500
14391.2750
14445.5500
14499.6750
14555.1750
14610.5750
14664.7500
14719.9500
14774.5000
14829.8750
14884.8750
14940.1750
14995.2000
15051.1250
15107.4500
15163.3750
15220.2000
15277.1250
15333.7000
15391.0500
15448.1250
15505.2500
15562.6500
15620.3000
15678.8500
15738.0500
15796.3750
15855.4750
15914.5250
15974.0500
16034.4250
16094.6250
16155.2500
16216.0500
16277.0000
16338.2250
16398.8000
16460.9250
16523.4750
16586.2000
16649.3000
16712.9000
16777.0250
16841.1250
16905.2500
16971.4250
17036.9000
17103.7000
17170.4250
17237.8000
17305.7500
17374.1000
17443.4250
17514.0250
17583.9750
17656.7750
17728.6500
17801.8750
17876.0500
17952.8250
18029.5750
18106.7750
18187.1000
18269.9000
18355.0500
18441.9000
18531.3250
18623.2750
18716.9250
18813.7750
18915.5000
19017.7500
19125.3000
19234.2500
19346.3500
19466.8500
19588.7500
19720.5250
19861.0500
20011.8500
20179.7000
20377.9750
20659.1250

