3966.1000
4062.4250
4152.3250
4239.5250
4323.8000
4407.2000
4490.5250
4570.6250
4650.1250
4725.3750
4799.4750
4873.5500
4946.7250
5019.4250
5089.5000
5159.0750
5228.0250
5295.2500
5362.2000
5428.7250
5495.5000
5560.4250
5625.1000
5689.4750
5754.0000
5817.2500
5880.9250
5943.9250
6005.7000
6067.8250
6129.5000
6192.0250
6252.8750
6313.5500
6373.9250
6434.8000
6494.0500
6553.2250
6611.4500
6671.6500
6729.0750
6787.2500
6845.0500
6901.7500
6959.7500
7017.2500
7075.2000
7131.0750
7187.2500
7243.4250
7300.1750
7356.7250
7412.4000
7467.0750
7522.0500
7577.5750
7632.3500
7688.0250
7742.3500
7796.5250
7850.7250
7905.1000
7958.9500
8012.8000
8066.4750
8120.0750
8173.8000
8228.6000
8280.4750
8333.2750
8386.1750
8438.3250
8491.1750
8543.4000
8595.7750
8648.0500
8700.7250
8752.0000
8803.9250
8855.3000
8907.5250
8959.0000
9010.0750
9062.2250
9113.3750
9165.2000
9215.4750
9265.7250
9316.6500
9369.0500
9419.3750
9469.2000
9520.1000
9571.1000
9620.5250
9670.6750
9721.3500
9771.8000
9821.6000
9870.7750
9919.8500
9969.8000
10019.9250
10069.0250
10117.9500
10167.0250
10216.6500
10265.8500
10314.7500
10364.1250
10412.8750
10461.7000
10510.2750
10559.5250
10608.0000
10657.4750
10704.0250
10752.5000
10799.9750
10848.6250
10896.7000
10945.1000
10993.5750
11041.6750
11090.4250
11137.6500
11185.5750
11233.5250
11282.0750
11330.4000
11379.5000
11428.5250
11477.6750
11527.4250
11574.9500
11623.3000
11673.4250
11722.8750
11772.0750
11821.8750
11870.8500
11921.3000
11970.7750
12020.0500
12070.8250
12120.8500
12171.2250
12220.8500
12270.1250
12321.8000
12370.9500
12421.5000
12471.9500
12523.0750
12573.8000
12625.2250
12676.4250
12727.3500
12778.1250
12830.2000
12882.4000
12933.2750
12985.1000
13037.9000
13090.6500
13140.9250
13193.6000
13245.8000
13298.2500
13350.7750
13402.2750
13455.6000
13509.2750
13561.9500
13615.0750
13667.5000
13721.2000
13774.8750
13827.5500
13880.6250
13935.6000
13988.8750
14042.1750
14096.0750
14150.5500
14205.7750
14260.7500
14315.1750
14369.5500
14424.4500
14480.2250
14535.3250
14591.4500
14647.6500
14703.5750
14759.4000
14816.1250
14873.2750
14930.9500
14988.3750
15046.4500
15103.4500
15161.6250
15219.3250
15277.9500
15336.8500
15396.0250
15454.6000
15514.5250
15574.5250
15636.2250
15697.7750
15758.8250
15819.3750
15881.1250
15943.2750
16005.0250
16068.3750
16130.7250
16194.4750
16258.5250
16322.6250
16387.6250
16452.8500
16520.1000
16584.8500
16651.6250
16718.9500
16786.3000
16855.2250
16924.4000
16993.4500
17064.0250
17135.5750
17208.5000
17282.1250
17355.2750
17429.9750
17504.6000
17581.9000
17660.9750
17741.2500
17821.3500
17903.2750
17990.0250
18078.7750
18171.5750
18266.5500
18365.5250
18470.0500
18578.7250
18693.2000
18814.2500
18941.2250
19082.5750
19235.8500
19419.7000
19670.0250

