3224.4250
3335.1000
3429.8750
3517.7250
3604.8250
3690.8500
3774.4500
3856.7500
3938.5750
4017.6750
4096.7250
4173.2500
4249.6000
4323.6000
4395.3000
4467.3500
4536.7500
4606.3000
4675.5250
4742.0750
4809.4000
4875.8500
4940.9750
5006.7000
5070.5500
5133.9500
5197.4000
5261.0250
5323.7250
5385.8250
5447.7000
5508.4000
5569.2750
5630.3750
5690.9500
5751.4250
5811.8250
5870.7250
5930.2750
5988.4750
6047.3500
6106.5500
6164.8250
6223.3500
6280.7500
6338.4750
6395.2000
6452.3000
6510.0250
6567.0250
6622.9750
6678.6750
6734.7500
6791.4750
6846.0500
6900.9500
6956.3250
7011.4750
7065.0000
7120.7750
7175.5250
7229.2250
7284.9500
7339.0250
7392.8750
7446.7250
7500.6000
7554.4750
7607.7250
7660.0000
7712.1000
7765.7500
7818.9250
7870.1250
7923.4750
7975.2750
8027.6250
8080.0750
8131.9500
8184.7750
8236.9250
8288.5750
8340.7250
8391.8250
8442.8000
8494.8000
8545.5500
8597.1750
8647.6500
8699.0000
8749.5000
8801.4500
8852.2000
8902.9500
8953.6000
9003.3000
9053.7250
9103.9750
9153.7250
9204.0750
9255.1250
9304.3500
9355.2000
9404.5750
9454.0500
9504.0250
9553.3000
9603.6000
9652.4750
9701.9500
9751.3500
9799.6250
9848.1000
9896.7500
9944.5000
9993.5500
10042.2000
10090.7500
10138.7000
10187.3250
10235.9000
10283.5250
10331.3000
10379.4000
10428.5250
10476.4000
10525.3000
10572.2750
10620.3000
10668.1250
10715.7500
10763.6500
10811.4000
10857.3250
10906.5250
10953.9750
11000.9250
11049.9750
11096.3250
11143.6000
11191.7000
11240.6250
11287.5500
11335.9750
11383.5250
11431.3500
11479.2250
11527.8750
11577.2000
11626.1000
11673.7500
11722.2500
11770.9500
11819.1500
11868.4750
11916.3250
11965.1000
12013.5750
12062.4500
12111.7250
12160.8000
12210.4000
12259.9750
12309.1000
12359.3000
12409.1500
12458.9750
12509.2000
12558.4000
12608.4250
12658.3000
12708.9500
12758.8000
12807.8500
12858.0500
12908.3250
12959.9750
13010.0500
13061.1000
13112.1500
13162.6000
13214.2500
13264.5750
13315.0500
13365.2000
13416.9000
13468.1500
13519.4250
13571.5750
13623.4250
13674.4000
13726.7000
13777.9000
13829.1500
13880.8000
13933.6500
13986.2750
14038.8250
14091.7750
14144.6500
14197.0500
14250.4250
14304.7000
14357.6000
14411.4000
14465.3250
14518.5750
14573.8000
14627.7500
14681.4250
14737.4750
14791.6000
14846.8750
14901.7250
14957.0000
15011.8500
15067.1750
15123.3000
15179.1750
15235.3000
15291.6250
15347.7250
15403.7000
15459.2250
15517.5000
15575.0750
15633.3750
15690.5250
15749.5000
15807.8250
15865.6500
15924.1000
15983.4500
16042.5750
16101.6000
16161.1000
16221.6750
16282.3500
16343.8250
16404.6000
16466.0750
16528.1500
16589.7000
16650.5000
16714.0250
16777.2000
16839.8500
16903.5000
16968.0500
17032.0750
17098.1500
17164.0250
17229.0500
17295.1250
17362.3750
17430.0000
17497.8750
17567.4750
17637.2500
17708.5000
17780.0000
17852.1000
17925.6000
18000.5500
18076.7500
18152.8250
18231.0750
18310.4250
18391.4500
18474.5000
18561.2750
18649.3000
18740.9000
18835.0250
18932.2000
19031.2000
19133.7000
19234.9000
19342.0500
19450.9000
19565.8500
19684.7000
19810.8250
19940.7000
20080.2750
20230.0000
20397.9500
20594.1250
20859.3000
21337.3250
21792.2500

