2698.4500
2840.1000
2956.6000
3052.8000
3143.9500
3231.3250
3315.1000
3399.2250
3480.4500
3560.2250
3639.6000
3716.6750
3793.2750
3869.4000
3942.9250
4015.9750
4087.6250
4158.1000
4227.1500
4295.7000
4362.5500
4428.6000
4494.3500
4559.2000
4623.5250
4687.4750
4750.3500
4814.1500
4875.8000
4938.8000
5000.9500
5061.6000
5123.0750
5183.6000
5244.8000
5305.5750
5365.3750
5425.4500
5484.9000
5543.0250
5603.1500
5661.9500
5719.9750
5778.2750
5835.3000
5892.4250
5948.8750
6005.7000
6062.5250
6119.6500
6176.2000
6231.8750
6287.5250
6343.4750
6398.2750
6455.0750
6510.6250
6565.0500
6619.9250
6674.5000
6729.4750
6782.9000
6837.4000
6891.9500
6944.9500
6999.0250
7052.0500
7106.3000
7160.1500
7214.6250
7266.9500
7319.6750
7372.3750
7424.5500
7476.2750
7529.1750
7581.6500
7633.9750
7686.3750
7739.0750
7790.9000
7842.3750
7894.7250
7945.8750
7997.5250
8049.1250
8101.3250
8151.9000
8204.8750
8255.7500
8306.5750
8356.7500
8408.8500
8459.8500
8510.2750
8560.2250
8610.7000
8662.5500
8712.5250
8762.8500
8813.4750
8863.2000
8913.4000
8962.9250
9012.0500
9061.8500
9111.4500
9161.6250
9210.5250
9259.4250
9309.0250
9358.4000
9406.1000
9456.5750
9506.0500
9554.0750
9602.9500
9652.0000
9700.9750
9750.8500
9798.1250
9846.0000
9895.3500
9943.4500
9991.6750
10038.6750
10086.7750
10135.1000
10182.2750
10231.4500
10279.5000
10327.2500
10375.6000
10423.3250
10470.2750
10518.4000
10566.8250
10613.6000
10661.1250
10707.3000
10755.4000
10801.1750
10849.2000
10895.4250
10942.9750
10989.7500
11036.7000
11083.4000
11131.2750
11178.0000
11225.0250
11273.4000
11320.3000
11368.1500
11415.8500
11463.6000
11510.8750
11558.7750
11607.1000
11654.7500
11702.7500
11751.3250
11798.7750
11847.8250
11896.1000
11944.5250
11992.2000
12041.4500
12090.1750
12139.2750
12188.3750
12237.2500
12286.6250
12335.0500
12384.2000
12433.1250
12481.2000
12530.4000
12579.0500
12628.1500
12677.3750
12726.4250
12776.8250
12827.7500
12877.0500
12926.9000
12977.4000
13027.7250
13077.1500
13128.2750
13178.6500
13228.4500
13279.1500
13329.0750
13379.7250
13430.9000
13481.6250
13531.7250
13582.2750
13634.2500
13684.8750
13736.9000
13787.9500
13839.9750
13891.5750
13942.7250
13994.3250
14047.2500
14099.6250
14151.1750
14202.9750
14255.6000
14308.1500
14359.6750
14412.6000
14465.1500
14519.3250
14572.2000
14624.7250
14678.2750
14731.4500
14785.3000
14838.8750
14892.1500
14945.7500
14998.4500
15052.6500
15106.0750
15160.4000
15215.1750
15269.7250
15324.7000
15379.5000
15434.9250
15490.0750
15545.7500
15602.0000
15657.5500
15714.4750
15769.9250
15826.8000
15883.1250
15940.2750
15997.5500
16054.7500
16112.6750
16170.5000
16228.0500
16286.8500
16345.3250
16404.5750
16463.4000
16522.2750
16582.0500
16642.0250
16703.1750
16763.1500
16824.5000
16885.3000
16947.0000
17008.9250
17070.9250
17133.1000
17195.8500
17259.4750
17322.4250
17387.6000
17451.8250
17516.3500
17582.0500
17648.6750
17714.6000
17781.8250
17849.1000
17916.0750
17985.4250
18055.2250
18125.8750
18196.8000
18268.8000
18342.0500
18416.2500
18491.7750
18568.4250
18647.6750
18728.0500
18809.5250
18894.1750
18978.9500
19067.4750
19157.7000
19250.4000
19345.5500
19442.1750
19540.9000
19641.8750
19746.5500
19853.0000
19963.2500
20076.2750
20193.4000
20316.9750
20446.7000
20588.3250
20754.8000

