2525.0500
2684.9000
2811.2250
2916.6500
3008.3250
3095.1250
3181.0000
3264.2750
3347.5500
3426.8000
3505.3500
3584.3750
3662.0000
3737.7750
3812.0250
3885.1750
3956.7750
4027.4250
4096.7750
4165.1750
4232.0000
4298.2750
4363.8250
4429.3500
4494.1500
4557.7500
4620.7500
4683.2500
4745.5500
4808.1500
4869.7500
4931.2750
4993.2000
5053.5500
5113.8250
5174.1000
5233.7250
5293.6250
5353.3250
5412.3500
5471.5750
5530.0750
5587.9250
5645.8500
5703.7500
5761.9000
5818.9500
5876.1500
5932.4750
5988.5000
6044.9250
6101.1500
6156.2000
6212.2500
6266.8500
6323.1750
6377.9000
6433.5750
6488.1000
6543.7000
6598.1500
6652.4750
6706.8500
6760.3500
6813.7750
6868.0750
6921.5250
6975.1250
7028.0500
7081.2750
7135.6750
7187.6000
7241.1000
7293.7500
7347.3250
7399.3250
7452.2500
7504.3500
7556.9250
7609.7500
7660.0250
7713.5750
7765.2250
7816.9250
7868.9500
7918.6500
7970.2750
8022.1000
8073.4000
8124.5250
8174.8750
8226.4750
8278.1500
8328.4250
8378.8750
8428.7500
8478.6750
8529.1000
8580.0000
8630.4000
8679.7250
8729.8000
8779.4250
8828.6750
8878.0000
8928.5250
8978.5750
9028.4500
9077.6250
9127.1000
9176.1500
9225.6250
9274.3500
9322.5000
9371.9500
9421.5750
9471.0000
9519.0500
9567.4750
9615.5250
9665.4000
9714.3500
9762.3750
9811.9000
9859.9000
9907.2750
9955.8500
10003.2000
10050.1500
10099.3750
10148.7000
10196.7750
10244.1500
10293.9250
10341.0750
10387.6250
10436.2750
10483.6250
10529.6000
10577.2500
10624.0000
10672.3750
10719.5500
10767.5000
10815.0250
10862.1500
10909.1500
10956.3000
11002.7000
11050.3750
11096.1000
11144.0750
11191.6750
11237.6500
11284.2500
11333.7250
11380.6250
11428.4250
11475.5000
11523.9500
11570.6250
11619.3750
11667.2750
11715.0750
11763.1500
11811.0000
11859.6250
11907.2250
11955.3750
12003.7250
12052.0250
12100.2000
12149.7000
12198.3750
12247.4250
12295.4500
12343.9500
12392.3000
12441.1250
12490.6500
12539.4000
12589.3000
12637.3000
12685.9500
12735.2500
12785.6750
12835.6000
12884.6250
12933.7500
12982.6250
13031.7000
13080.7750
13131.2750
13181.6250
13231.3250
13281.9000
13330.9500
13382.7000
13432.8500
13483.5000
13534.5000
13585.8500
13636.4500
13687.0250
13738.2250
13789.3500
13840.9000
13891.9250
13943.1250
13994.5250
14046.2000
14096.9000
14148.6250
14199.9750
14251.3250
14303.7250
14356.3250
14409.5250
14460.9250
14513.1500
14566.5500
14619.3750
14672.1500
14725.3250
14779.6250
14832.8250
14885.5000
14938.0750
14992.3750
15044.6250
15099.1750
15153.3000
15207.2000
15261.1500
15314.9250
15369.7500
15424.2000
15479.4500
15534.6000
15588.3750
15644.1750
15699.4750
15755.1250
15810.5000
15866.1000
15922.9000
15978.1750
16034.7500
16091.3500
16149.8750
16206.8250
16265.0000
16322.6750
16381.3000
16439.7250
16497.9500
16556.8000
16616.1750
16675.4000
16735.2750
16795.3250
16854.9750
16916.3000
16977.0500
17037.8250
17099.2500
17160.5000
17222.6250
17285.6000
17348.4500
17410.9250
17474.8500
17539.0250
17603.2750
17667.8000
17733.7000
17799.0250
17865.6500
17932.7000
17999.6750
18067.5000
18136.4750
18206.6000
18277.3750
18348.8000
18420.0000
18493.0250
18567.4250
18642.9250
18720.1500
18799.2000
18879.9250
18963.3000
19048.0000
19134.8000
19223.7500
19314.5750
19408.1500
19503.5000
19600.4000
19699.5500
19801.6750
19905.1250
20013.1250
20122.2750
20235.9250
20353.4750
20476.9000
20609.9000
20767.1250

