4886.2750
4983.1250
5077.9750
5166.0250
5252.3000
5333.6000
5413.0000
5490.8750
5568.2500
5642.7500
5718.0250
5790.0750
5862.3750
5933.2000
6005.2500
6075.2000
6145.6750
6214.7000
6280.9500
6349.2250
6417.0500
6482.7500
6548.9500
6612.3250
6676.6000
6741.2000
6804.7750
6868.3750
6931.1250
6993.7250
7055.0250
7116.7000
7178.5250
7239.9000
7300.7500
7361.4250
7419.4500
7478.6500
7538.3000
7597.2500
7656.0500
7714.3250
7771.4750
7829.3250
7887.5000
7946.7250
8003.1750
8059.0250
8115.2250
8172.0000
8228.8500
8284.6250
8340.2750
8395.0000
8450.0250
8505.5250
8560.2500
8615.5750
8669.0500
8722.2750
8776.7500
8830.9750
8885.9250
8939.1250
8992.7250
9047.1750
9100.9000
9153.2500
9206.3000
9259.4000
9313.1750
9365.1500
9417.9250
9470.0000
9521.8500
9574.8500
9626.3500
9677.5250
9729.3500
9780.3500
9831.5250
9883.7500
9934.4250
9986.5750
10037.3750
10088.0750
10138.6250
10188.5750
10239.3000
10289.6000
10339.4000
10390.7250
10441.2250
10490.2250
10541.0750
10590.3250
10640.0500
10689.4000
10739.1750
10788.6250
10838.8250
10888.0500
10937.6750
10986.7250
11036.2750
11084.6750
11134.5500
11183.8500
11233.2000
11282.2750
11331.8250
11381.0750
11432.1250
11480.5750
11530.7750
11581.2250
11630.8500
11681.4250
11732.4750
11782.5750
11833.2250
11884.5000
11934.8250
11986.6750
12039.1000
12090.9000
12142.1250
12192.9500
12244.9250
12296.2750
12348.7750
12400.2250
12452.1750
12505.6500
12558.3250
12610.0000
12662.7000
12716.8000
12769.6250
12822.4500
12877.2000
12930.5500
12984.4000
13038.6250
13092.9250
13147.7500
13201.9500
13256.3250
13310.1250
13365.1250
13420.0750
13474.6500
13530.6500
13585.7500
13640.8750
13697.2750
13752.1000
13809.1500
13866.5000
13923.4000
13980.9750
14038.8250
14096.3750
14155.3250
14212.1250
14269.9250
14327.3750
14386.7000
14445.3000
14504.7250
14565.0000
14624.0250
14684.3750
14745.5000
14806.6500
14868.8500
14931.2500
14993.0750
15054.8250
15118.2500
15180.9750
15244.0250
15307.5500
15372.3500
15438.0750
15503.8500
15571.9750
15637.5000
15704.5500
15772.4250
15841.3250
15909.2750
15978.6500
16049.2500
16120.2000
16191.8250
16265.2250
16339.7500
16413.8750
16490.0500
16566.3750
16644.9500
16723.6000
16804.4500
16888.4000
16971.9500
17056.8750
17146.3000
17236.1500
17333.4250
17430.4750
17534.1750
17643.8000
17763.4750
17890.2250
18044.6250
18251.1000
18687.2500

