4687.8500
4785.9500
4877.7500
4967.3000
5048.8250
5131.0500
5209.9500
5287.6750
5364.8250
5438.4250
5513.8250
5588.3750
5659.8000
5731.5750
5801.1250
5871.3750
5939.1250
6007.5500
6073.2500
6140.5500
6208.4750
6274.1750
6339.0750
6402.7000
6467.1000
6531.4250
6594.5750
6657.6000
6720.4750
6782.9500
6844.6500
6906.2750
6967.8000
7028.2500
7088.9000
7148.9500
7208.6750
7267.1250
7327.6750
7386.1750
7445.2000
7502.5750
7560.7750
7619.1250
7676.1750
7734.2000
7791.7750
7849.2000
7905.7750
7961.4500
8017.0500
8071.9500
8128.0250
8183.6750
8239.8500
8295.1250
8350.5000
8405.5500
8460.3750
8513.5500
8568.5500
8623.3500
8675.8250
8729.6500
8783.7000
8838.2750
8892.1750
8945.3750
8997.7250
9051.3500
9103.9750
9156.6750
9208.4250
9261.0750
9313.0750
9364.6500
9416.2750
9469.7000
9520.8500
9572.5250
9622.5250
9674.2000
9724.3250
9774.5500
9825.9500
9876.6750
9928.2750
9978.3750
10029.4000
10080.0250
10129.5000
10179.6500
10230.6000
10279.8250
10329.8000
10379.1500
10429.9250
10478.6500
10528.4750
10578.4000
10627.7000
10677.5750
10725.6750
10774.0750
10823.6000
10872.1000
10920.1250
10969.2750
11018.2250
11066.5750
11116.2750
11165.1500
11214.2750
11263.2000
11312.4250
11361.6500
11412.5750
11462.6750
11512.1250
11562.5000
11612.4750
11662.7750
11712.4500
11763.4000
11813.4250
11863.6000
11914.4000
11965.3000
12016.4750
12067.1500
12118.7250
12170.2000
12220.9500
12273.4750
12325.0250
12376.8250
12428.4000
12480.6000
12532.4250
12585.7000
12638.4500
12690.7250
12743.1500
12794.5250
12848.4000
12901.2000
12953.8250
13007.0000
13061.3500
13114.8750
13167.0250
13221.4000
13275.0250
13329.2750
13382.9000
13438.1500
13491.9000
13546.8000
13602.4750
13657.4250
13712.9750
13769.0500
13824.0250
13879.9250
13935.9750
13992.6500
14049.2500
14105.8750
14162.4250
14219.6250
14276.9000
14334.6250
14393.1750
14450.6750
14509.5250
14567.6250
14625.5750
14684.3500
14743.8750
14803.9500
14863.4250
14923.1000
14983.6750
15045.1250
15106.6500
15167.9250
15230.1750
15292.7250
15356.4250
15420.9500
15484.2000
15548.2500
15611.9750
15677.2750
15742.8500
15808.2500
15875.8500
15943.6000
16012.2000
16081.4250
16149.6000
16219.2750
16290.4250
16360.8750
16432.4250
16506.2000
16579.8500
16655.2750
16731.1750
16808.4000
16886.2750
16965.5000
17045.4250
17129.2250
17214.4750
17299.6750
17388.3000
17481.3500
17577.7000
17678.5000
17788.0500
17900.5000
18019.1500
18159.8750
18350.3250
18586.1250

