5273.1000
5374.8000
5466.3000
5555.3500
5640.9000
5723.1750
5805.8250
5882.8000
5960.3250
6036.5250
6112.8000
6187.4500
6260.4750
6333.8250
6405.4000
6475.2250
6547.6000
6617.8250
6683.8000
6753.7750
6822.3000
6888.3000
6953.8250
7019.8000
7085.4750
7151.0750
7215.2000
7279.2750
7342.6750
7406.6750
7469.6750
7532.0500
7592.9000
7655.1250
7715.4000
7777.0000
7837.4250
7897.5500
7957.0750
8015.0250
8074.3000
8132.9000
8191.7500
8250.9500
8308.5750
8366.7250
8424.3500
8481.6250
8538.5000
8593.6500
8649.1500
8706.2500
8760.9500
8816.9000
8872.5500
8927.3500
8982.8250
9039.4250
9094.0000
9149.0000
9203.8500
9257.5750
9311.4500
9365.9000
9418.4000
9471.9750
9525.6000
9579.2500
9631.4750
9684.4000
9737.2500
9790.3750
9842.3000
9896.0250
9948.9000
10000.7500
10051.6250
10104.0250
10155.6750
10206.7250
10257.7750
10310.0500
10362.0000
10412.8250
10463.5750
10514.2000
10563.8500
10613.7250
10664.5500
10715.4000
10765.3250
10815.4000
10866.2750
10916.5500
10966.0000
11016.7750
11067.1750
11117.8500
11168.6250
11219.1500
11268.0000
11318.6750
11369.7000
11419.8750
11471.4000
11523.2000
11575.1000
11625.7250
11677.2250
11728.4000
11779.2750
11831.8500
11883.5500
11935.4750
11985.9250
12038.6750
12090.7750
12143.6250
12196.1000
12249.9250
12301.8750
12356.1500
12409.0500
12461.4250
12514.2000
12569.3750
12622.7750
12675.6750
12729.7250
12784.0500
12837.7250
12892.3000
12947.0750
13001.9250
13056.8250
13113.4500
13169.5500
13224.7500
13280.0750
13336.8000
13393.3750
13450.4250
13507.9750
13564.5500
13623.3250
13680.9250
13739.3500
13798.0750
13856.5000
13915.8750
13974.9000
14034.7750
14094.7000
14155.1750
14216.0000
14276.0750
14337.4500
14398.1750
14459.4500
14521.1000
14583.5750
14647.0000
14710.0750
14774.8250
14839.4000
14904.9500
14970.6750
15038.0500
15103.2500
15168.9750
15236.0500
15305.0250
15374.4250
15445.7500
15514.0000
15586.0250
15657.4750
15731.8750
15805.6750
15880.6000
15955.0250
16031.2500
16107.0500
16186.4750
16266.6250
16349.4750
16430.4500
16516.6000
16603.1500
16693.4250
16787.2750
16883.2500
16981.6500
17085.5500
17189.5250
17315.2500
17446.0750
17595.9750
17778.7000
18069.7250

