4132.9750
4227.7750
4317.6250
4406.2250
4490.3750
4576.0500
4657.9000
4739.6750
4818.7500
4895.4750
4970.7000
5044.6750
5117.8250
5187.2250
5258.8000
5327.2500
5396.0750
5463.1000
5530.6750
5596.8750
5663.2000
5727.9250
5793.2750
5858.5500
5923.1750
5986.3000
6049.5750
6113.2500
6176.0750
6238.7750
6299.4000
6361.7000
6422.3750
6484.0750
6544.4500
6603.7500
6663.5750
6722.5250
6782.7750
6842.2750
6900.4250
6959.2750
7016.7750
7074.3750
7131.6500
7189.7000
7246.9000
7302.7250
7360.1250
7415.4000
7471.1250
7526.8000
7583.1250
7638.8250
7693.7250
7748.6500
7803.7500
7858.6000
7914.3750
7968.5250
8022.6750
8076.7250
8131.3750
8183.9750
8238.3750
8291.5750
8345.9500
8398.7500
8452.6250
8505.7500
8558.9750
8611.2750
8663.6000
8716.3000
8767.8500
8819.9250
8872.4250
8924.0750
8976.1750
9027.5750
9078.7250
9130.2500
9180.9250
9233.4500
9285.1750
9336.3000
9386.6750
9436.5500
9487.5000
9538.3250
9588.8500
9639.8750
9689.3250
9740.2250
9789.7000
9839.2750
9889.0750
9938.3250
9988.6250
10037.8250
10087.3750
10136.9250
10187.6750
10236.7750
10286.5250
10335.8500
10384.0500
10434.2750
10483.9250
10532.5250
10581.4000
10630.2500
10678.3250
10727.7000
10775.1750
10823.1500
10872.6750
10921.4000
10969.5000
11017.5750
11065.3750
11113.9250
11161.7750
11209.6250
11257.8000
11307.1000
11356.3250
11405.0000
11453.9000
11503.7250
11551.0250
11602.2750
11650.7250
11699.6750
11749.8000
11798.9250
11848.8250
11898.0750
11947.2250
11998.0000
12047.6000
12096.7750
12147.2000
12197.5500
12247.6500
12297.7500
12348.5250
12399.0250
12449.5000
12500.9500
12552.3750
12603.1500
12653.6500
12705.2500
12756.7250
12807.6250
12860.4000
12912.8000
12964.3500
13015.8750
13068.8750
13121.8500
13174.4750
13226.3500
13278.9500
13332.2250
13385.5250
13438.8000
13492.5500
13545.8750
13600.0500
13653.1000
13707.2000
13761.3750
13813.9500
13867.2500
13921.3000
13976.7250
14029.5250
14084.3000
14139.4250
14193.8000
14249.4750
14305.3000
14360.9750
14417.7500
14473.7250
14529.7000
14586.7000
14643.5500
14699.7000
14757.0250
14812.9250
14870.7250
14929.0000
14987.6250
15046.2250
15103.8250
15163.0500
15222.7750
15282.2750
15342.3250
15401.6000
15461.5750
15522.2500
15584.1750
15643.8500
15706.4000
15768.2000
15831.2500
15893.4250
15955.9750
16019.6000
16082.7500
16147.7000
16213.0000
16279.1750
16344.8000
16411.9250
16477.1250
16544.7750
16612.2500
16680.5000
16750.3000
16819.5500
16891.4500
16961.0750
17032.2000
17104.3000
17178.3250
17253.3750
17328.1750
17405.7750
17483.6750
17562.9750
17643.8250
17729.5250
17816.2000
17905.4500
17996.6750
18091.8000
18191.4250
18295.1000
18404.4250
18518.3500
18642.6750
18776.2250
18931.5500
19102.7000
19336.2000

