2193.9000
2370.0750
2520.7000
2653.7250
2768.8500
2869.1250
2957.3750
3041.4750
3124.4500
3204.5250
3283.8500
3361.2000
3438.2500
3512.2250
3586.8000
3659.2750
3730.9500
3801.2000
3870.9250
3939.3000
4005.9000
4071.6000
4136.4500
4201.6000
4266.2500
4329.9250
4392.4500
4454.1750
4516.3750
4578.0250
4639.5250
4700.9500
4761.9500
4822.8500
4883.8000
4944.0500
5004.4250
5063.3000
5122.5750
5181.1000
5239.7000
5298.0500
5355.9250
5412.9500
5471.0500
5527.9000
5584.7000
5641.0500
5697.2000
5753.5750
5808.5250
5865.7000
5922.4750
5978.3000
6033.2000
6088.9250
6143.6000
6199.0250
6252.9000
6307.5250
6361.1000
6415.7250
6470.9000
6524.4750
6577.4500
6631.2500
6684.9500
6737.7750
6791.2000
6844.1250
6897.8250
6951.6250
7003.5000
7055.3500
7108.1250
7160.7500
7214.0500
7266.0000
7318.9500
7370.2750
7421.8500
7473.8250
7525.6500
7577.5250
7627.9000
7679.9750
7731.9500
7782.2500
7832.3750
7883.0750
7934.1000
7984.7250
8036.0500
8086.2750
8137.8250
8188.8500
8238.9250
8289.7750
8339.7250
8390.1250
8440.6250
8490.9000
8541.2500
8590.6250
8641.1500
8690.1750
8739.9250
8788.9250
8839.5500
8888.6000
8937.9750
8986.7250
9036.6000
9085.7500
9133.3750
9182.5000
9230.9500
9279.3750
9328.7500
9376.7250
9424.2250
9473.2750
9520.8250
9569.4750
9619.1750
9668.2000
9716.0500
9764.3250
9812.2000
9860.7000
9908.0750
9956.2750
10004.2750
10053.5250
10100.2000
10147.6250
10196.5250
10242.9750
10290.4750
10338.8250
10385.8500
10433.0500
10480.8750
10527.7500
10576.6250
10623.3000
10670.4500
10718.0500
10765.7750
10811.8500
10858.3750
10904.0250
10951.0500
10997.3500
11045.3000
11091.6250
11139.4250
11185.2000
11232.4750
11280.4500
11327.7250
11374.5750
11421.3500
11466.6000
11515.7000
11563.3000
11611.7500
11659.3250
11707.1000
11754.7500
11802.7000
11850.8000
11899.0250
11948.1750
11996.5000
12045.1250
12093.2750
12141.9500
12189.9000
12239.6500
12288.9000
12337.7000
12386.1000
12436.1500
12484.1750
12533.0750
12582.2500
12630.3500
12680.0750
12729.2250
12778.6750
12827.2750
12876.9000
12926.4750
12975.4500
13024.5500
13075.1750
13125.0250
13175.4000
13224.0250
13274.4500
13324.6500
13375.3500
13425.0500
13474.8250
13525.0500
13574.9250
13625.8500
13676.1750
13726.7250
13777.0250
13828.5000
13879.3500
13929.7250
13981.7000
14031.9500
14082.1000
14134.1750
14185.2750
14235.9000
14287.5500
14338.2000
14390.1500
14441.4250
14493.4500
14545.2250
14597.8250
14649.9250
14702.2250
14754.7250
14806.8500
14859.2500
14913.1000
14966.2500
15019.4500
15072.3750
15126.0500
15178.8750
15232.5750
15285.8000
15340.7000
15394.1500
15448.4500
15501.4250
15555.9750
15610.9000
15665.0000
15719.4000
15774.5250
15828.8750
15884.5750
15940.1750
15995.1000
16051.3250
16107.3750
16164.0500
16220.2500
16276.8250
16333.4000
16390.5250
16448.2000
16505.2500
16562.7500
16620.5250
16679.2750
16737.7750
16796.6000
16855.1750
16915.2500
16974.0750
17034.3000
17093.9750
17154.3750
17214.5000
17275.1500
17336.8250
17398.8250
17460.4500
17522.7250
17585.6750
17648.7250
17712.8250
17776.3750
17840.5750
17905.3500
17970.5500
18036.4250
18102.3000
18169.0500
18235.8000
18304.7000
18373.2500
18442.0250
18512.2750
18582.5250
18654.5250
18727.6000
18800.7500
18877.2750
18954.4750
19033.9500
19115.1500
19197.9250
19282.4750
19369.3750
19459.1500
19548.8750
19641.5500
19735.6000
19831.6750
19929.9000
20031.0250
20133.2750
20238.8750
20347.8000
20460.1000
20577.4250
20704.8500
20856.3500

