5660.3250
5763.6000
5865.9750
5957.1500
6045.3500
6126.2500
6212.6500
6296.0500
6375.4000
6454.5750
6531.8750
6608.7250
6686.6000
6761.7000
6836.1000
6907.7000
6978.8250
7051.3750
7121.5000
7191.1750
7260.5250
7329.5500
7398.2000
7464.9750
7530.4750
7597.6250
7663.2250
7729.5500
7795.3750
7857.8250
7922.7250
7984.8000
8046.4000
8109.5250
8170.8500
8231.4250
8293.0500
8353.5500
8413.0000
8473.4500
8532.9500
8591.4500
8650.4750
8707.9750
8766.7250
8824.1000
8881.0750
8939.3250
8996.4500
9055.3500
9112.6250
9169.1500
9225.0000
9280.3000
9335.7000
9390.8500
9447.1500
9502.5250
9556.9250
9612.2500
9666.8750
9721.6000
9776.3250
9829.5500
9883.1000
9936.6750
9989.5500
10045.0000
10098.0500
10150.6250
10201.7000
10253.3250
10306.4000
10358.2750
10410.6500
10463.2250
10515.7500
10568.1000
10619.2500
10670.9000
10722.4750
10774.4250
10825.0750
10876.5500
10927.0000
10977.7000
11027.4000
11079.2500
11129.3250
11180.5000
11233.4250
11285.3000
11337.2750
11391.0000
11443.4500
11494.9500
11546.1000
11599.0750
11652.4250
11703.5500
11756.9250
11808.3500
11862.4000
11916.3000
11969.3500
12023.6750
12077.6000
12131.8750
12185.6250
12240.4000
12294.1750
12350.2750
12405.3500
12460.2250
12515.8250
12570.3250
12625.4000
12681.9500
12737.9250
12794.4000
12850.8250
12908.4500
12965.8250
13023.6250
13080.4500
13137.0000
13195.3500
13253.4000
13311.9500
13371.5500
13430.2250
13489.2250
13549.4750
13608.2500
13668.2000
13728.9500
13791.0000
13850.9750
13912.6000
13975.2750
14037.9250
14102.7250
14165.6750
14229.0750
14294.1500
14358.8250
14424.9000
14490.9500
14557.2500
14624.5500
14691.4000
14759.3000
14826.7000
14898.5500
14969.0500
15041.3500
15115.1000
15189.4250
15265.4500
15340.7500
15418.5500
15496.0250
15573.3250
15656.7250
15739.3500
15825.2750
15911.4500
16002.9500
16096.4500
16193.5000
16286.6000
16392.7500
16502.0250
16613.3750
16736.5750
16884.8000
17043.6750

