4502.5750
4598.6000
4689.8000
4778.9250
4866.9500
4948.5000
5028.9250
5108.0750
5184.9500
5260.6250
5333.4750
5407.4250
5479.2250
5549.7750
5618.5750
5688.5000
5757.0750
5825.9000
5892.4000
5959.6000
6026.5250
6092.7250
6158.1750
6222.1750
6287.3750
6350.8750
6414.6250
6478.1250
6540.1500
6603.4000
6665.7500
6727.6250
6788.3500
6850.1750
6910.6750
6969.5500
7030.6750
7090.2750
7149.3500
7207.3250
7267.0000
7324.6750
7382.7500
7440.9250
7498.0000
7554.9250
7611.7250
7668.3750
7724.9000
7781.3750
7836.9750
7893.6500
7949.3500
8005.5250
8061.1500
8115.9000
8170.5750
8224.4750
8279.3750
8334.3500
8389.2500
8444.1000
8497.3000
8551.5000
8604.9750
8658.9250
8712.2500
8765.7500
8819.5000
8872.5750
8924.8000
8977.3750
9030.6250
9082.9750
9134.4750
9187.8000
9239.8500
9292.7500
9343.8000
9394.5750
9445.4750
9497.1000
9548.3500
9599.6000
9650.8250
9701.5750
9753.1500
9803.7750
9854.1750
9904.6000
9955.0500
10004.9250
10054.5000
10104.8250
10154.9000
10204.7750
10253.8250
10303.3250
10351.9750
10400.3500
10449.3750
10498.5750
10547.6500
10596.1250
10645.1750
10694.4500
10742.7750
10791.3750
10839.7000
10887.1250
10935.9250
10984.6750
11032.6750
11081.3000
11129.9000
11177.7750
11228.2250
11277.6500
11327.3750
11376.4250
11426.2500
11475.9500
11525.1000
11576.0750
11624.6750
11674.9500
11724.2250
11774.3500
11823.9000
11874.1750
11923.7250
11973.3750
12023.6750
12074.8750
12125.0500
12177.0500
12228.1000
12278.1250
12328.9500
12378.5750
12431.1000
12483.2500
12535.3750
12586.3000
12639.1000
12690.9000
12743.1000
12795.5750
12847.6750
12901.8250
12954.4250
13007.2000
13059.9250
13113.9750
13166.2000
13219.8000
13272.8250
13326.2750
13379.6000
13434.1750
13488.3000
13542.1500
13596.4000
13651.1000
13704.7250
13760.0000
13815.2250
13870.2500
13924.5500
13981.1000
14037.7500
14093.2500
14149.5000
14205.4500
14262.5250
14319.7000
14376.7500
14433.5500
14491.3500
14549.8250
14607.7500
14665.7250
14723.1750
14782.9500
14841.9250
14901.6250
14960.4500
15020.7250
15080.8750
15142.5250
15204.3250
15265.7500
15327.9250
15390.3500
15452.0250
15514.8750
15578.2000
15640.9250
15704.0500
15767.8500
15833.6750
15898.5250
15963.9500
16029.1000
16096.1000
16162.7250
16230.6750
16299.0750
16369.0750
16438.8500
16510.0250
16580.3750
16652.7250
16725.0000
16799.7750
16873.8750
16949.3500
17025.0500
17104.1750
17184.8750
17265.6750
17348.5000
17435.2000
17522.3000
17612.0750
17704.1250
17802.9500
17903.5500
18012.3500
18130.2750
18256.4750
18404.9500
18584.9750
18844.1500

