4327.6250
4420.7500
4509.4500
4597.2250
4682.2000
4765.1250
4847.0000
4926.0250
5002.9750
5076.8250
5152.4250
5225.1000
5297.7500
5368.1000
5437.3000
5506.1750
5575.1750
5642.6750
5709.2250
5776.2000
5842.3250
5906.9500
5973.0000
6037.5000
6103.1000
6166.8750
6231.4250
6294.8250
6357.6500
6419.4000
6482.1250
6543.9000
6604.2250
6665.3250
6726.4000
6787.2500
6846.4000
6906.2500
6965.4750
7023.7500
7082.2000
7140.7000
7198.7750
7256.0750
7313.6750
7370.6500
7427.1500
7484.2000
7540.4250
7596.6750
7653.2500
7708.5750
7764.6750
7819.2000
7873.9500
7929.0250
7984.4500
8038.9250
8093.7250
8148.4000
8202.6250
8255.9750
8309.6500
8362.5500
8417.4250
8471.3500
8526.1750
8578.3500
8631.5000
8684.8250
8738.1500
8790.4250
8842.5250
8894.2000
8945.2750
8997.9000
9050.6000
9101.3250
9153.4500
9204.9500
9255.5500
9306.6500
9358.4500
9409.4500
9460.0500
9511.0250
9561.8000
9612.8500
9663.6250
9714.1250
9764.9000
9815.9750
9867.6000
9917.6500
9968.2250
10018.1250
10068.4500
10118.4500
10168.3750
10218.5000
10266.4000
10315.8000
10364.9000
10414.0000
10462.8750
10511.4750
10560.8000
10609.8250
10658.5000
10707.7250
10756.9500
10805.7000
10854.6500
10903.0750
10952.1500
11000.2250
11049.4500
11097.7500
11146.5500
11195.1000
11243.9500
11292.6000
11341.4750
11389.4000
11439.4500
11488.3000
11537.5250
11587.0250
11636.2500
11685.6500
11735.7250
11785.0750
11835.0750
11884.8250
11934.6750
11985.1750
12035.3250
12086.0000
12136.7750
12187.3750
12237.0250
12287.7250
12339.3250
12389.8250
12442.1750
12493.2000
12543.8750
12595.0500
12646.0750
12697.8500
12749.4250
12801.6500
12853.4750
12905.6500
12957.7000
13010.0500
13062.5500
13115.5000
13167.9750
13220.6000
13272.5500
13327.3000
13379.7750
13433.0000
13485.9750
13540.0750
13594.4250
13647.1250
13702.3000
13757.1250
13810.4000
13865.1500
13920.2000
13974.7500
14030.9750
14085.4000
14140.8000
14196.0500
14251.3750
14306.9750
14362.7000
14418.6250
14476.4250
14533.1250
14590.1250
14647.5750
14705.0000
14763.4250
14821.6500
14880.2250
14938.3500
14996.4500
15055.7500
15116.0250
15176.0000
15236.1750
15296.1500
15356.3000
15417.5250
15478.2750
15540.9000
15603.3250
15665.8750
15727.7500
15791.4000
15855.4250
15918.6750
15984.5500
16048.9250
16113.2250
16179.3750
16245.2500
16312.1750
16379.2500
16447.6250
16515.6750
16584.6000
16654.9500
16726.5750
16799.0500
16870.4500
16943.4000
17015.6250
17090.4250
17166.9250
17243.5000
17321.7250
17402.5000
17486.0500
17568.8750
17657.3750
17744.4750
17834.9500
17931.1500
18032.4500
18139.9500
18252.7000
18371.8750
18503.0250
18655.2500
18830.8500
19087.1500

