2357.7000
2521.8500
2659.1500
2778.3000
2882.3000
2973.6750
3059.0250
3142.4500
3225.1250
3306.3250
3385.5000
3462.7250
3539.5000
3615.6500
3690.3250
3762.1000
3833.9000
3904.3500
3974.0250
4042.0000
4109.3250
4175.1000
4240.6750
4305.8500
4370.4250
4433.9250
4497.0750
4561.0000
4623.3750
4685.0750
4746.8750
4808.0250
4869.2750
4931.0500
4991.4500
5050.9750
5110.4500
5169.7000
5228.8500
5287.6750
5346.4250
5404.3250
5462.4750
5521.0250
5579.2250
5636.2500
5693.5250
5749.4250
5806.5500
5863.4750
5919.9750
5975.4000
6030.7500
6087.1500
6142.4750
6197.7500
6251.7000
6306.4500
6361.6750
6415.6500
6470.8500
6525.4750
6579.1000
6633.1250
6687.5000
6741.1250
6794.5500
6847.3000
6900.0750
6953.3000
7007.5500
7059.6750
7112.8750
7166.0500
7218.6000
7271.0500
7323.5500
7376.1250
7427.5000
7479.3250
7532.1750
7583.9500
7636.1500
7687.0500
7738.2000
7789.4000
7841.2000
7892.6500
7942.3750
7994.0250
8045.3500
8095.1500
8144.8500
8195.4750
8246.9250
8298.4750
8349.2750
8399.0750
8449.3500
8500.0750
8549.5000
8599.9250
8651.4750
8701.3000
8751.5000
8801.3000
8851.2000
8901.8500
8951.1750
9001.1750
9051.3750
9100.3000
9149.4000
9198.0250
9247.4000
9296.6500
9344.1500
9394.7500
9443.5750
9491.4500
9539.8750
9589.3500
9637.1500
9684.7000
9733.3500
9783.0000
9831.2250
9880.1500
9927.1250
9975.5750
10022.6250
10071.7750
10119.1750
10165.4000
10212.9000
10260.7000
10308.2500
10356.0500
10403.7750
10451.2750
10498.7000
10545.7000
10593.4250
10638.9500
10687.2250
10734.6750
10780.3750
10827.5750
10874.8250
10921.3250
10968.1000
11016.1250
11063.5000
11110.3500
11158.2500
11205.6750
11252.2000
11300.3000
11346.4000
11394.6750
11442.2500
11489.2750
11536.6500
11584.4250
11632.9250
11680.2250
11728.2000
11776.3250
11824.2750
11872.5250
11920.9750
11968.9250
12018.3000
12066.3250
12114.8250
12163.4000
12211.6250
12260.7000
12308.8750
12356.9750
12406.2250
12454.0750
12503.0500
12551.6500
12601.5250
12650.3000
12700.2250
12749.7750
12798.6500
12847.4500
12897.2750
12946.0250
12995.9750
13047.2750
13096.2500
13146.9000
13197.2250
13247.3250
13297.8750
13348.6250
13399.0750
13449.7750
13499.5250
13549.5250
13600.3750
13651.2750
13702.1000
13753.3000
13803.7250
13855.2750
13905.4500
13957.1750
14008.8000
14060.8250
14111.3000
14162.7250
14214.2250
14266.9000
14318.7500
14371.1250
14423.5250
14475.2250
14528.7750
14580.2500
14632.9750
14685.2000
14738.1250
14790.4750
14843.8250
14895.9750
14950.4250
15002.9250
15056.0750
15108.8750
15163.4250
15216.8000
15269.4750
15323.6500
15378.4500
15433.2000
15486.2250
15540.8000
15596.1250
15651.9000
15706.9750
15762.3000
15818.1000
15873.9750
15929.3500
15984.7250
16041.4250
16097.4500
16153.4750
16210.8500
16268.1250
16324.7500
16382.4750
16440.7250
16498.7750
16557.0750
16615.1750
16673.9000
16732.2750
16791.5250
16851.3500
16911.8500
16971.9250
17031.7500
17093.0250
17154.3250
17215.6750
17277.6750
17339.6500
17401.9250
17464.7250
17529.0000
17592.9500
17656.5250
17721.4250
17785.7750
17850.9500
17917.1500
17983.6000
18050.8750
18118.1250
18185.9000
18254.3250
18323.5750
18393.6750
18465.1000
18535.8500
18609.7750
18684.3000
18759.4000
18836.9500
18916.0500
18996.7750
19078.2750
19165.4500
19253.6250
19341.3750
19433.3500
19526.7500
19621.3750
19717.9750
19817.2000
19917.8500
20021.5750
20127.0750
20236.9000
20349.7750
20466.8250
20590.7500
20728.3250
20922.4250

