3049.3250
3169.2250
3268.7000
3360.8500
3448.9750
3534.2000
3618.6500
3701.8000
3783.6750
3863.0750
3943.0500
4020.4750
4096.2500
4170.6500
4243.2750
4315.6250
4387.4000
4457.5750
4525.4500
4592.3250
4659.0000
4725.3000
4789.7500
4855.1500
4919.8250
4983.6750
5047.0500
5110.4000
5172.4000
5234.6750
5297.0000
5358.7750
5420.7750
5481.0250
5541.7000
5601.3250
5661.4250
5720.5750
5780.1250
5839.3000
5898.0750
5956.7000
6014.7750
6072.1250
6131.3250
6188.7500
6245.4750
6302.9500
6359.7250
6417.0500
6472.9250
6529.2250
6585.7250
6640.9000
6696.1750
6751.7500
6806.4000
6861.3750
6915.6250
6970.5750
7024.2250
7078.7500
7132.8000
7187.0000
7240.1500
7294.0250
7348.6250
7401.4500
7454.1000
7507.2750
7559.8750
7612.5250
7665.5250
7718.1000
7770.5500
7822.7000
7875.4500
7927.6500
7980.9750
8032.6000
8083.4500
8135.4250
8187.7250
8238.7000
8290.0000
8341.4750
8393.5000
8444.9000
8496.2250
8546.0750
8596.4250
8646.3250
8696.8000
8747.7750
8798.9000
8849.4000
8899.6000
8950.0750
8999.9250
9049.5750
9099.6750
9149.2750
9198.3250
9248.3250
9298.3750
9348.3000
9397.9000
9446.5750
9496.5500
9544.9750
9594.5500
9642.7000
9692.0250
9740.8500
9789.9000
9837.3500
9885.6750
9934.5750
9982.3750
10031.2250
10079.5500
10128.1250
10175.8250
10223.7250
10271.6500
10319.7250
10368.6750
10415.7500
10463.7750
10511.8750
10558.8750
10607.9250
10655.4750
10703.1000
10750.6750
10798.1000
10845.6000
10892.7250
10940.8750
10988.5500
11036.2000
11082.8250
11130.2000
11177.9750
11225.8250
11274.1000
11322.1250
11368.9000
11417.6250
11465.9750
11514.6000
11563.1250
11610.7750
11658.3000
11707.0500
11755.5250
11803.4000
11852.1000
11900.7750
11951.0250
11999.8750
12048.5250
12097.6750
12146.5250
12195.4750
12245.7500
12294.3250
12343.2000
12393.1750
12442.4000
12491.8250
12541.4750
12591.6000
12641.1750
12690.4000
12740.7250
12790.6000
12840.0500
12890.6250
12940.6750
12991.3000
13041.6250
13093.2500
13142.5750
13193.7250
13244.3000
13294.8000
13345.2750
13395.4250
13446.3500
13498.1000
13550.0750
13602.4000
13652.4750
13704.4500
13755.6250
13807.2500
13859.6250
13911.3750
13963.9000
14015.6500
14067.9500
14119.8000
14172.8500
14225.1250
14278.4000
14331.0750
14383.8750
14437.8500
14491.4500
14544.2000
14598.0750
14651.9500
14706.2000
14759.3000
14813.6250
14868.1250
14921.8250
14975.3000
15030.0750
15085.4750
15140.8000
15196.3750
15251.1500
15306.4000
15361.5750
15417.1750
15473.3500
15530.2500
15585.9750
15643.9000
15700.8500
15758.5250
15815.8250
15872.4000
15930.6500
15988.8250
16046.8500
16105.7500
16163.7000
16224.0000
16283.3750
16344.1250
16403.3750
16463.4750
16525.0750
16585.1500
16647.0250
16708.7000
16771.0500
16833.5000
16895.9500
16958.5500
17023.1000
17087.3250
17151.5750
17215.3500
17282.0000
17347.8000
17414.3500
17480.7250
17548.1500
17616.1500
17684.5500
17754.1750
17823.9750
17894.9000
17966.3500
18039.1250
18113.0750
18187.7500
18263.7250
18339.4500
18418.2000
18500.5500
18582.2750
18668.3000
18755.3250
18845.3000
18938.0500
19032.4000
19129.4750
19228.4500
19330.6750
19435.8250
19544.3000
19654.9500
19771.2750
19891.0500
20015.8250
20148.1500
20289.7500
20441.8250
20615.7500
20832.7000
21467.9500
21820.2250

