3765.3250
3863.0750
3953.5250
4042.1000
4128.0250
4212.3500
4295.5000
4377.5500
4457.8500
4537.1000
4613.1750
4687.7250
4761.0500
4834.3250
4905.4000
4975.3750
5044.6750
5111.2250
5179.9500
5246.4250
5313.1750
5378.2750
5444.3000
5509.3750
5573.0250
5637.8500
5700.9500
5763.8250
5826.8000
5887.8250
5950.9000
6012.4250
6072.3750
6132.9500
6192.8500
6253.0000
6313.2500
6372.8250
6432.3250
6491.1000
6549.9750
6608.3500
6666.9250
6724.3500
6781.9000
6839.7250
6896.6750
6953.2750
7009.8750
7067.0500
7122.7250
7178.4000
7233.8250
7289.6750
7344.6250
7399.7000
7455.8750
7510.1250
7565.0250
7619.2000
7673.7500
7728.0750
7782.6000
7837.4500
7890.0000
7943.7500
7997.2500
8050.7000
8102.4250
8155.8750
8208.9500
8261.3750
8312.9750
8366.1750
8418.8000
8470.6250
8523.8250
8575.9500
8628.8000
8679.6500
8731.4750
8782.6500
8834.0250
8886.4000
8937.2750
8987.0250
9039.0250
9089.4750
9139.9000
9191.2500
9241.9250
9291.6250
9341.8750
9392.9500
9442.7500
9492.8250
9543.0500
9593.5000
9643.7250
9693.6250
9744.1500
9794.2750
9843.2250
9892.4250
9943.0250
9992.6750
10041.1750
10090.3500
10139.4750
10188.6250
10238.3250
10287.1500
10335.2000
10383.3750
10432.3000
10481.0000
10529.1000
10577.1250
10626.3750
10674.6500
10722.4500
10770.9500
10817.3750
10865.1500
10913.5000
10961.1750
11008.9750
11057.8000
11104.8750
11154.4500
11202.1750
11250.3250
11298.6000
11346.5000
11394.5500
11443.6000
11493.1000
11540.7750
11590.0000
11637.9750
11687.4250
11736.1500
11786.0000
11835.2000
11885.1000
11934.5000
11983.4250
12033.4500
12083.8000
12133.1750
12183.0500
12232.9000
12282.6750
12331.9500
12382.9500
12433.0750
12483.3500
12533.7250
12584.6000
12634.1500
12685.0500
12736.0000
12786.2000
12837.7500
12888.5750
12939.8500
12990.5250
13042.4750
13092.6500
13145.1000
13197.4750
13248.6750
13301.4250
13353.5250
13406.1750
13457.8250
13509.7500
13563.1250
13614.5500
13667.8000
13719.5500
13772.9250
13826.7750
13879.9750
13934.7000
13987.9000
14041.1500
14094.3750
14149.0250
14203.5750
14257.7250
14311.8500
14366.7250
14421.1000
14475.3000
14530.2500
14585.5250
14640.9250
14696.7500
14751.7000
14807.3500
14863.7250
14920.0750
14976.7250
15033.4000
15091.3250
15147.9500
15205.6250
15263.9000
15322.3250
15379.8500
15437.3250
15496.0750
15555.8000
15614.6750
15674.0000
15733.8750
15793.4750
15854.3000
15915.2500
15976.2750
16038.4000
16100.7750
16162.4500
16225.4500
16287.6250
16351.4000
16414.4000
16479.4250
16544.9250
16609.4250
16675.9250
16741.8250
16807.1750
16873.8250
16941.2750
17009.8750
17077.6750
17147.1000
17217.6500
17288.9500
17361.0500
17433.5500
17506.0000
17581.1250
17655.8500
17733.6000
17812.1500
17891.3750
17973.1500
18056.6250
18142.8750
18232.1500
18325.8250
18420.6000
18521.1500
18622.5750
18730.5500
18842.7750
18960.8500
19085.7000
19217.0750
19355.8500
19507.1500
19684.1250
19905.7750

