5066.3250
5169.5500
5265.0000
5352.0250
5438.4750
5520.8000
5599.1500
5679.7000
5756.1500
5831.6000
5906.6500
5981.2500
6054.2750
6127.1000
6197.8000
6269.0750
6339.2000
6408.4750
6476.0500
6544.7000
6611.1750
6678.3750
6744.0500
6810.5000
6875.7500
6940.2250
7004.3500
7067.2500
7130.0500
7193.2750
7254.8000
7316.9000
7378.4750
7437.7000
7499.0500
7559.7500
7622.0750
7680.9750
7741.9500
7801.7000
7860.8500
7919.1750
7978.0750
8037.1500
8095.0250
8152.2000
8209.3000
8266.5500
8321.5250
8377.2250
8434.4250
8490.3500
8546.8750
8601.6750
8657.7250
8713.1500
8769.0500
8824.4000
8878.4250
8933.5500
8987.6250
9042.2500
9096.1250
9149.3250
9203.2000
9256.1250
9308.8500
9362.6750
9414.7250
9466.8500
9518.8500
9572.0500
9624.6250
9677.0250
9729.4750
9782.0500
9833.8500
9885.4500
9936.8000
9990.0250
10042.6250
10092.2000
10143.8750
10194.9500
10245.8000
10296.7000
10345.9500
10396.8500
10448.1750
10498.4750
10549.4000
10600.1750
10650.9500
10700.1000
10750.0000
10799.8000
10850.4000
10899.8750
10949.3000
10998.8250
11047.8250
11097.6000
11146.9000
11197.2750
11246.8750
11295.7500
11346.8500
11397.3250
11447.7750
11497.2750
11547.9250
11598.2250
11649.6250
11701.0250
11752.6750
11803.4750
11855.1000
11905.5500
11956.6250
12007.6000
12059.5000
12111.6000
12164.1000
12216.8000
12268.6750
12321.0500
12373.2500
12425.9500
12478.6750
12531.0500
12584.5000
12637.7750
12691.8500
12744.8250
12799.1250
12853.0250
12905.5500
12959.4000
13013.9750
13068.8500
13122.5250
13177.1750
13232.4500
13288.7500
13342.5500
13398.5750
13455.0250
13512.8250
13569.1500
13626.2000
13683.4500
13739.2250
13795.4000
13853.5500
13910.6250
13968.9250
14026.6750
14084.4000
14143.8500
14203.0000
14261.8000
14319.7250
14378.8750
14438.3000
14499.7750
14560.4500
14621.9500
14683.1500
14743.7750
14806.8250
14870.2750
14933.3000
14997.6000
15062.0250
15126.1250
15191.0750
15256.2500
15322.0000
15388.8250
15455.7000
15523.3000
15591.6500
15660.6000
15728.7250
15797.4250
15868.6250
15938.5500
16011.4500
16085.9500
16161.1000
16236.4500
16314.3500
16392.7500
16471.7500
16552.9250
16633.7250
16717.5000
16803.0250
16889.3500
16981.2250
17076.4250
17172.7500
17270.8750
17382.6750
17490.5500
17622.6500
17766.6250
17940.5500
18171.1500

