5475.6000
5579.6500
5674.8000
5763.8750
5850.9500
5934.4750
6015.1750
6092.8500
6169.8500
6246.6750
6322.3750
6396.9000
6473.6750
6546.1750
6619.7000
6691.9250
6764.6500
6835.3750
6905.8000
6974.8000
7042.0000
7108.8000
7174.2500
7240.5500
7306.6500
7371.6250
7436.4500
7500.2750
7563.5000
7627.2250
7690.6000
7752.3500
7814.5500
7876.0250
7936.2000
7997.1000
8058.0000
8117.5750
8178.9000
8239.3000
8297.5750
8355.5000
8414.3250
8474.7500
8532.7250
8588.6250
8645.5250
8703.4500
8759.6000
8817.7250
8873.0250
8930.0000
8986.6000
9042.0000
9099.0250
9153.8500
9209.7250
9263.5250
9318.5000
9373.2000
9427.5500
9481.9000
9536.7000
9591.0750
9644.8750
9698.5000
9750.9750
9804.4250
9857.0750
9910.3250
9964.1250
10016.0750
10070.9500
10122.5500
10174.8000
10226.7500
10279.9250
10331.0000
10383.1500
10433.4500
10485.8750
10537.1000
10587.7000
10638.8500
10689.9000
10740.9750
10791.8250
10841.2250
10893.8250
10943.3500
10994.6500
11043.1250
11095.5750
11146.6750
11197.2000
11248.6750
11300.5000
11351.8250
11402.0250
11453.7250
11505.3250
11557.1500
11609.2500
11661.2250
11713.0000
11765.5250
11817.6750
11869.6250
11922.9250
11975.0750
12027.6750
12080.0500
12133.8500
12186.8250
12240.7750
12293.8250
12346.5750
12400.2500
12453.9500
12509.5250
12562.9500
12619.1000
12675.3250
12729.3000
12784.6250
12840.2000
12896.8000
12951.4250
13007.6750
13064.2250
13120.2500
13177.6500
13234.0750
13290.3750
13347.7750
13406.2000
13463.1500
13522.5250
13580.1750
13640.3500
13699.4750
13759.0500
13818.2000
13878.8000
13937.8250
13998.3500
14060.0500
14121.0250
14182.0500
14242.9750
14305.4250
14368.6000
14431.9250
14495.1000
14559.7750
14624.1250
14690.0750
14756.8000
14823.9750
14891.6000
14959.8500
15031.1500
15100.3250
15170.2500
15241.9750
15313.1000
15385.8750
15457.5500
15532.9000
15607.8500
15687.1000
15763.7500
15840.0500
15921.4000
16001.6000
16082.2500
16165.5750
16250.2250
16336.2000
16422.2500
16521.6250
16616.9250
16715.0750
16818.6500
16930.5750
17064.4500
17197.1250
17365.7250
17556.4750

