1800.0250
2006.0750
2178.9250
2338.5500
2484.5250
2620.8250
2749.7250
2874.8750
2992.5750
3107.6500
3219.8000
3328.0000
3432.9000
3535.1500
3632.7750
3731.3250
3826.3250
3921.4000
4012.8250
4103.0250
4191.1750
4278.9500
4365.2250
4450.3250
4533.7000
4616.8250
4695.4500
4774.8000
4852.9250
4931.7750
5007.2750
5081.7750
5157.0000
5229.9500
5301.7000
5373.8750
5443.7250
5514.9750
5584.2000
5651.9000
5719.3000
5786.6250
5851.4000
5917.4250
5981.9000
6045.7000
6108.3000
6171.8500
6234.7500
6297.2500
6357.4250
6417.7750
6478.0500
6538.6000
6596.5000
6654.9000
6713.9750
6770.9750
6828.4000
6884.7500
6939.6500
6995.2500
7051.7750
7106.6000
7161.7250
7215.3500
7269.1250
7322.3750
7375.2500
7426.9750
7478.9750
7531.6250
7583.1000
7633.8250
7682.8000
7733.3500
7782.1750
7832.4750
7881.4750
7930.8250
7978.4750
8027.4250
8074.5500
8123.1250
8170.1750
8217.4000
8262.5250
8309.9500
8356.5750
8401.7250
8447.9250
8494.3250
8538.6750
8583.4500
8627.6250
8672.8000
8717.4000
8761.5000
8804.8250
8849.0750
8893.1250
8936.7000
8978.3000
9022.6000
9066.3250
9108.3000
9150.4500
9192.0750
9233.9500
9275.2500
9318.1750
9359.0750
9399.4500
9440.8750
9482.0250
9522.8750
9564.6000
9606.0000
9646.4000
9685.7500
9726.0250
9765.3000
9806.6250
9846.2250
9885.7500
9924.4000
9964.3750
10002.5500
10041.8500
10080.6500
10119.5750
10158.7000
10196.9000
10235.1000
10273.6250
10311.8000
10350.1500
10387.9000
10426.4000
10463.4750
10501.7250
10538.8250
10576.7250
10613.4250
10651.6000
10688.8250
10725.5000
10761.9500
10798.8000
10835.5000
10872.2500
10908.2250
10944.5500
10980.6750
11017.0750
11052.8500
11088.6750
11124.4250
11160.8500
11199.5500
11235.9000
11273.3250
11310.9750
11346.0500
11383.5500
11421.0250
11458.5750
11495.1250
11532.9750
11571.4500
11608.7500
11645.8500
11685.8000
11723.7000
11762.1000
11800.1000
11837.0250
11877.3000
11915.1750
11954.4500
11993.5750
12032.9500
12071.6250
12111.6750
12151.2250
12189.7250
12228.6000
12269.6500
12309.7750
12350.5250
12390.4500
12430.9250
12472.3750
12513.4000
12554.3750
12594.7250
12636.3750
12678.0250
12719.9000
12761.5000
12805.0500
12846.4500
12889.4250
12932.7750
12975.4750
13018.3000
13061.7750
13106.8250
13150.4250
13194.1000
13237.2000
13282.2750
13327.6750
13372.1750
13416.8250
13462.9250
13508.2750
13553.2250
13599.6750
13645.0000
13692.0750
13739.2000
13785.8500
13832.7000
13880.2000
13927.7500
13976.3000
14024.5750
14073.1500
14121.3000
14171.5000
14221.2250
14270.6500
14321.4500
14372.3500
14423.6500
14474.4750
14527.4750
14579.0250
14632.0750
14684.9750
14738.3750
14791.0000
14845.9750
14899.7750
14955.9000
15010.0750
15065.8000
15122.8000
15179.1000
15236.6750
15293.9250
15351.3500
15410.0250
15468.8250
15528.8250
15589.2000
15651.1750
15711.7250
15773.2750
15836.5750
15900.1250
15963.8750
16028.6250
16093.5750
16159.3750
16227.1750
16293.5250
16362.0750
16431.1000
16500.2000
16570.8750
16641.8750
16714.5500
16787.5500
16861.0500
16936.2250
17012.6750
17089.3500
17166.9000
17247.8000
17327.6500
17408.9000
17492.8000
17578.2750
17664.1750
17749.9250
17839.7500
17928.5750
18021.1250
18115.3250
18210.7500
18308.9750
18406.6000
18510.5000
18617.4750
18727.6500
18839.7750
18954.9750
19075.9000
19204.6500
19335.2500
19477.4250
19628.6000
19797.9000
19988.4750
20248.5750

