5722.7000
5876.5750
6011.2750
6131.1250
6246.2500
6360.5750
6465.2250
6561.7000
6656.3000
6750.0750
6841.3500
6928.7000
7008.4750
7090.4750
7169.9500
7247.1750
7322.6000
7399.4750
7472.1500
7546.2000
7614.6750
7685.1750
7754.4750
7823.5500
7890.7250
7956.1000
8021.8250
8086.1750
8149.0750
8210.5000
8273.1500
8335.0000
8395.6000
8455.0750
8514.2500
8572.1500
8629.0000
8686.8750
8743.6500
8799.5250
8854.8000
8910.0750
8964.3750
9019.5750
9073.2750
9125.8500
9179.5250
9233.2250
9285.2250
9336.6750
9388.2750
9439.9250
9490.4750
9540.2500
9590.1500
9639.8500
9688.7500
9738.4250
9786.0000
9834.6000
9882.1000
9930.6000
9978.0000
10025.4000
10073.1500
10119.3500
10166.6750
10213.6250
10259.8000
10306.0250
10350.4250
10396.2750
10441.6750
10486.8500
10530.9750
10575.0250
10619.7750
10662.9250
10707.4250
10751.7750
10795.9750
10837.8500
10881.3750
10924.8750
10966.5500
11009.8500
11052.9750
11096.2000
11137.8250
11181.0500
11225.0500
11268.6250
11312.3000
11357.5750
11400.7250
11444.9000
11488.8500
11531.9750
11576.3500
11622.3000
11666.7750
11712.3000
11758.1000
11804.5250
11849.0500
11895.7750
11942.0250
11988.3500
12035.4500
12083.0500
12130.4250
12178.0750
12225.9750
12274.6000
12324.5250
12372.7500
12421.9250
12472.3000
12523.5000
12573.1750
12623.9000
12676.2500
12727.7250
12779.3500
12832.2750
12884.9000
12939.4750
12991.7250
13044.5500
13099.6750
13154.5000
13209.9000
13265.5750
13320.1000
13376.7000
13435.1500
13492.2000
13552.2500
13610.7750
13671.5500
13731.1250
13791.5250
13855.6750
13918.8000
13983.5250
14047.6750
14113.1500
14178.7750
14245.3750
14315.8000
14386.0500
14457.5000
14531.9250
14608.1250
14682.6250
14759.9500
14840.1500
14919.4500
15003.4250
15090.8500
15176.8750
15266.8000
15364.0250
15464.5000
15567.1750
15675.5750
15791.8000
15924.1000
16059.2250
16224.3750
16412.9250
16967.6750

