4090.8000
4279.5500
4430.0750
4570.6250
4701.6750
4819.2250
4934.7500
5044.4750
5150.6750
5253.7000
5349.1500
5444.5500
5537.5750
5627.5000
5714.9250
5802.0250
5886.6500
5969.3250
6050.7000
6130.4000
6209.8250
6287.9000
6364.1750
6437.9000
6512.1250
6585.7500
6655.6750
6728.1500
6799.8750
6869.1750
6936.5750
7004.7250
7071.5250
7137.5750
7202.9000
7266.2750
7330.7500
7394.8750
7457.5250
7517.7750
7580.5500
7640.5750
7701.3000
7760.5000
7818.7250
7875.7250
7934.2750
7991.3250
8047.6000
8104.0000
8160.9250
8217.1250
8272.3250
8328.0250
8380.9000
8433.9500
8488.3750
8541.3500
8592.5250
8645.9250
8697.6250
8749.3250
8799.8250
8851.8250
8902.0500
8952.4250
9002.1000
9052.1750
9099.9750
9150.2750
9199.7500
9248.6250
9296.4250
9344.0750
9391.9750
9439.8000
9486.7000
9532.8500
9579.0000
9625.4500
9672.2250
9718.4250
9764.6500
9810.1250
9855.5750
9900.1000
9945.9250
9990.2750
10035.1250
10078.3000
10122.8250
10167.1500
10211.2000
10254.9000
10297.8250
10341.0500
10383.9000
10426.7000
10469.3500
10511.3500
10554.2750
10596.2750
10638.9000
10681.0500
10723.2750
10765.2250
10806.6000
10848.0750
10889.9500
10930.5750
10971.9500
11012.3500
11054.1250
11094.9750
11136.9750
11178.4000
11220.1750
11261.2000
11302.6250
11344.2000
11385.4000
11428.5000
11470.7000
11513.9750
11555.9250
11599.8500
11642.0250
11685.4750
11729.3750
11772.9250
11817.6750
11861.7000
11906.5250
11950.6000
11995.1500
12039.7500
12085.2250
12129.5500
12174.3000
12219.4500
12265.6750
12311.5000
12357.4250
12404.3500
12450.3250
12497.8000
12544.2750
12591.6000
12640.5250
12688.1500
12736.7000
12784.3000
12832.8000
12881.1000
12930.3750
12979.8500
13029.8750
13080.2500
13129.8500
13179.4750
13230.6000
13282.2250
13334.6750
13386.0750
13438.5750
13491.9000
13544.9250
13599.2500
13652.1000
13707.3250
13762.7250
13817.6250
13872.8000
13928.8000
13986.9000
14043.5000
14100.9500
14159.2250
14218.4000
14277.1000
14336.2000
14396.5500
14456.7250
14517.3750
14580.0250
14642.7750
14706.4000
14771.8000
14834.2750
14900.4000
14966.8500
15034.2000
15103.3500
15172.4500
15240.9500
15311.8250
15382.3500
15455.3000
15530.4000
15604.8000
15681.6250
15757.8500
15835.9750
15916.9750
15998.7750
16081.5000
16167.6750
16253.2250
16342.6000
16434.9500
16529.1500
16623.6500
16725.2250
16824.4500
16935.8250
17046.6250
17168.0250
17293.6500
17428.9250
17584.6750
17757.9000
18004.9000

