3121.1250
3326.7500
3488.8250
3641.1250
3778.3250
3905.8000
4029.1500
4146.5250
4260.2500
4366.8750
4471.9500
4574.2250
4671.5500
4768.2750
4860.4250
4950.6000
5040.7500
5126.8250
5213.7250
5297.7250
5381.5000
5463.1500
5543.6750
5623.0250
5699.5250
5778.0500
5853.2000
5927.5250
6001.8500
6074.3250
6145.7000
6216.1750
6287.6250
6357.2500
6425.7500
6493.3000
6560.3000
6627.3500
6692.9750
6759.0500
6823.5250
6885.9250
6948.5500
7011.9500
7071.9250
7133.8750
7194.6000
7254.9500
7314.7250
7374.1250
7432.5500
7490.0750
7547.0250
7604.1750
7660.6500
7716.6000
7772.7750
7826.7750
7881.1750
7935.3750
7990.1000
8044.3500
8097.3500
8150.6250
8202.7500
8255.1000
8307.3000
8358.9000
8409.7250
8461.7250
8511.9500
8561.9750
8611.8250
8661.7750
8710.1000
8760.1000
8808.2250
8857.1000
8905.5500
8953.2000
9001.0250
9048.0250
9094.4250
9142.2500
9188.5000
9234.8250
9280.8750
9327.0750
9373.6500
9418.7000
9463.6000
9509.2250
9553.6000
9597.9750
9641.9500
9687.3250
9730.5000
9775.0500
9819.8250
9863.2250
9906.4750
9949.2000
9992.4250
10035.5250
10078.0000
10119.8750
10161.6250
10204.6000
10247.3750
10288.6250
10330.4250
10371.5000
10413.1250
10453.8500
10495.4500
10536.4500
10577.3500
10618.0000
10659.1000
10698.5000
10739.6000
10780.5000
10820.9500
10860.1750
10900.4750
10939.2500
10978.5250
11017.9000
11057.4250
11097.2750
11137.6250
11177.5000
11217.7500
11256.8750
11298.7500
11340.6750
11380.9500
11421.2250
11461.5500
11503.0000
11544.7500
11585.6250
11626.9500
11668.6500
11710.8250
11752.6000
11794.4000
11836.8000
11878.9750
11922.1000
11965.2250
12008.3500
12051.4500
12094.1500
12137.2000
12181.3750
12225.1750
12270.5500
12315.0000
12359.5750
12403.0250
12448.8000
12493.7500
12537.8250
12583.9750
12629.8000
12675.0500
12721.5250
12766.7250
12814.1250
12859.9000
12906.7500
12954.4750
13000.9250
13049.1750
13096.8750
13144.3750
13191.9500
13241.6750
13289.9500
13338.1250
13390.0000
13439.1500
13489.4250
13541.0500
13591.7750
13643.6750
13695.5000
13746.1750
13797.7750
13850.1750
13902.6250
13956.1250
14008.0500
14062.7000
14116.2000
14172.1250
14226.2750
14281.6500
14338.0500
14395.1750
14452.1500
14509.8750
14567.8250
14625.7500
14685.6750
14744.4500
14802.5750
14862.5500
14923.4500
14985.2250
15048.0750
15111.5000
15173.8250
15238.9000
15303.2000
15368.3000
15435.0500
15502.9250
15570.0750
15639.0000
15709.3500
15778.3500
15849.3000
15922.9250
15997.1000
16071.0500
16146.3500
16222.5000
16298.5750
16378.4250
16456.9750
16538.4500
16620.3000
16703.8000
16788.1000
16874.4250
16963.8250
17054.5000
17146.7500
17238.3250
17339.1500
17438.5250
17543.2250
17649.8500
17760.6000
17876.0500
17998.2000
18126.5250
18258.8250
18411.9250
18579.3750
18786.3250
19118.2500

