4596.2500
4770.8250
4919.4750
5050.3250
5178.8000
5298.4500
5411.4250
5520.9000
5621.2000
5720.5000
5816.2250
5908.1500
6001.1000
6087.6500
6174.0500
6256.5000
6338.3250
6417.5000
6497.5250
6577.6250
6652.5500
6729.2750
6803.3750
6878.3000
6949.9500
7019.5500
7089.3750
7158.7500
7226.0250
7291.7500
7356.7250
7422.8750
7487.4250
7551.1000
7614.3250
7675.9500
7738.3000
7798.8750
7860.1500
7920.3250
7980.8500
8038.1250
8096.5750
8153.9750
8211.4250
8267.5750
8325.5500
8381.5750
8435.9500
8490.6750
8545.5500
8600.1500
8653.9000
8707.3500
8760.5250
8813.4750
8865.3000
8917.3250
8968.2750
9019.9500
9070.0750
9120.1500
9171.8250
9221.1250
9270.3000
9319.9250
9367.8250
9416.7500
9466.2000
9514.7500
9561.1000
9608.7750
9654.5750
9702.0000
9749.1750
9794.8500
9842.7250
9888.5750
9933.8750
9979.4750
10026.0500
10071.1000
10116.9500
10160.9750
10205.5750
10249.6750
10293.9000
10336.6500
10379.8750
10424.8500
10468.2000
10511.5000
10555.3250
10598.0750
10641.1250
10684.2000
10725.7500
10768.7750
10810.3750
10852.4000
10894.7500
10936.1250
10978.7500
11019.9750
11061.4500
11103.2500
11146.3250
11186.7750
11229.4000
11271.6750
11313.0500
11356.6000
11398.2500
11442.4250
11485.7250
11528.3750
11571.1750
11616.0250
11659.9000
11703.5000
11748.2500
11793.0500
11836.3000
11880.8750
11925.6250
11970.4250
12015.9750
12062.0000
12108.2750
12153.1250
12199.9000
12245.5000
12292.1500
12339.4750
12386.6500
12433.3250
12481.5250
12530.3000
12578.6250
12626.1000
12675.2750
12724.8000
12774.5000
12825.5750
12874.3250
12924.3000
12975.8000
13026.6250
13078.8500
13130.9500
13183.0250
13234.5250
13287.1750
13341.3000
13394.6500
13449.2250
13503.3500
13559.3500
13614.5000
13670.1250
13726.4500
13784.2000
13840.5500
13898.8750
13956.5000
14015.6500
14075.0500
14132.7500
14192.9750
14253.9750
14315.7000
14377.8000
14441.8000
14505.7000
14569.6750
14634.8500
14700.0500
14767.5250
14836.3250
14905.8750
14974.0500
15045.0000
15115.2500
15189.2250
15262.4500
15339.2250
15417.0750
15494.6250
15572.9000
15654.1750
15734.8500
15819.1250
15906.8750
15994.2500
16085.9750
16179.5500
16277.8000
16378.8750
16487.7750
16597.0750
16716.8500
16841.6750
16976.4750
17133.2500
17311.2250
17578.7500

