2696.3750
2904.8250
3074.1750
3229.1250
3366.5250
3496.5250
3618.1000
3739.5000
3852.2250
3962.3750
4070.1250
4172.1750
4272.7000
4369.5500
4464.9500
4559.0000
4651.0000
4740.3500
4829.3500
4915.8500
4998.9250
5082.0750
5164.0750
5245.4000
5324.7000
5403.6000
5481.0500
5556.2750
5632.2750
5706.0000
5779.0000
5852.2250
5923.6000
5994.3000
6064.6500
6134.5000
6204.2250
6270.4750
6337.8500
6404.0750
6468.9000
6534.6750
6598.6750
6663.0000
6726.1000
6789.4250
6850.7000
6910.1750
6971.4750
7030.5500
7090.6750
7148.7500
7207.1500
7265.3750
7322.1750
7379.9750
7436.8000
7492.5250
7548.8500
7604.1250
7657.7250
7711.1250
7765.7250
7819.1750
7872.1750
7925.6250
7977.3500
8029.7500
8082.3250
8133.8000
8185.8000
8237.1500
8287.8000
8337.9000
8387.4000
8436.8500
8486.3500
8535.9250
8585.3500
8632.7000
8680.4250
8728.7000
8776.9250
8822.8750
8871.3000
8917.7250
8965.0000
9011.5500
9056.8000
9103.0500
9148.3750
9193.6250
9239.3750
9283.5750
9328.5750
9372.9000
9418.8000
9463.3250
9506.8000
9551.0250
9594.6000
9637.8500
9681.3750
9724.7500
9768.1750
9809.1750
9851.9250
9894.4000
9936.8000
9978.5500
10020.3250
10061.0000
10103.4000
10144.9250
10186.4500
10227.7000
10268.5000
10308.7750
10350.0250
10391.3500
10431.5000
10471.7250
10511.7250
10552.1250
10590.5000
10631.3250
10671.2250
10710.7750
10749.7750
10789.8750
10829.6250
10867.2750
10907.6000
10947.2250
10986.6000
11025.6750
11064.3500
11103.5500
11141.8500
11181.3000
11220.3750
11259.6500
11299.3000
11338.7250
11377.9250
11417.6750
11457.4250
11497.5500
11537.7500
11578.9250
11619.5250
11660.4000
11699.9500
11740.7250
11781.7000
11823.7000
11865.4500
11907.5500
11949.5000
11990.7500
12032.5750
12075.5500
12117.4750
12159.9750
12202.6250
12245.8750
12287.8500
12331.0250
12376.0500
12419.3000
12463.4250
12507.8000
12551.8250
12596.2750
12640.6750
12685.3250
12729.9750
12774.6750
12819.8250
12865.2000
12910.6500
12958.3500
13004.3750
13050.8750
13097.3500
13143.9750
13190.7000
13239.0250
13287.1000
13334.7750
13382.1750
13430.9000
13480.5500
13528.6750
13578.2250
13627.1750
13677.6250
13727.8000
13777.0500
13827.4250
13878.9250
13930.8250
13982.3000
14035.3000
14087.3250
14140.1250
14193.3500
14248.1250
14303.3500
14357.6750
14412.8250
14468.2750
14524.3250
14581.0000
14637.8000
14695.1000
14753.0500
14810.5000
14869.1750
14928.8000
14987.5500
15047.9500
15108.5750
15169.9500
15233.0250
15295.0500
15357.8500
15422.4750
15486.4250
15551.1000
15617.7000
15684.7750
15752.3250
15820.7500
15889.4000
15959.7000
16028.8750
16100.5250
16172.6000
16245.8750
16320.3250
16396.4500
16472.6250
16549.8000
16627.9750
16707.9750
16787.5500
16870.6750
16953.9750
17037.5250
17124.4250
17212.8250
17302.7500
17393.4500
17488.0500
17585.0500
17684.4000
17785.9750
17891.1500
18000.4750
18110.9000
18228.9500
18347.6000
18474.6750
18611.2750
18759.5000
18928.7250
19116.5000
19371.5750

