3600.9000
3796.2750
3959.0500
4103.8000
4235.6000
4357.8250
4475.9500
4587.9000
4697.5750
4800.7750
4902.3250
5002.2000
5095.1000
5188.5750
5279.6250
5368.5250
5455.2750
5541.6000
5624.4000
5705.4000
5786.8750
5867.4250
5945.4500
6020.9500
6097.8750
6173.0500
6245.6500
6319.7250
6391.1250
6463.8500
6533.3000
6602.8250
6672.6750
6738.1750
6805.2250
6871.2500
6935.7750
6999.7500
7065.1750
7128.1500
7190.7750
7252.7500
7316.0500
7376.7500
7436.4000
7495.3000
7554.5000
7612.8750
7672.0750
7729.7000
7786.5750
7843.8000
7900.2250
7956.2750
8012.1750
8067.5250
8123.2500
8177.2250
8231.5750
8284.9500
8338.5750
8390.6000
8442.9750
8494.4000
8546.2000
8596.8750
8647.9000
8699.4500
8748.8500
8798.5500
8847.8750
8896.5250
8945.7500
8993.1750
9041.2750
9089.5500
9139.0000
9186.2500
9234.3250
9282.7500
9329.2750
9376.0000
9423.4750
9468.5250
9515.9250
9561.9500
9606.6000
9652.1500
9697.9500
9742.4500
9787.0250
9832.7000
9876.5750
9919.8750
9965.0250
10007.9250
10051.2750
10093.7500
10137.3250
10179.3000
10223.4500
10266.0500
10308.8000
10351.7250
10392.9500
10435.1000
10477.2500
10518.9750
10561.6250
10602.4250
10644.1250
10686.7750
10727.6500
10767.8750
10808.0500
10848.8750
10889.3750
10930.2250
10970.3750
11011.4750
11051.6000
11092.3250
11132.5500
11174.0500
11213.5000
11254.9250
11295.8250
11336.2500
11378.6250
11419.6000
11461.8750
11503.3000
11545.6250
11587.9250
11630.6750
11673.9500
11716.4000
11759.6750
11802.6000
11846.4000
11889.7750
11932.7250
11975.7250
12019.2750
12063.4750
12107.2250
12151.2500
12195.0750
12241.1750
12285.4750
12331.1500
12376.0500
12421.5500
12468.0500
12513.5750
12560.6500
12606.8750
12653.6500
12700.5750
12749.6250
12795.4750
12843.2000
12891.1500
12940.6000
12988.0750
13038.4500
13087.5750
13137.1750
13185.8750
13235.4000
13285.8000
13336.1750
13387.5500
13437.9500
13489.2000
13541.6500
13593.8000
13646.6500
13700.1250
13753.3250
13807.1750
13861.9000
13916.3000
13971.3750
14026.1500
14082.2500
14136.8750
14193.4000
14251.5500
14308.4000
14365.5500
14423.5500
14482.0250
14542.7250
14601.2250
14662.1750
14722.8750
14785.9000
14847.7750
14911.8250
14975.8000
15040.3750
15104.7250
15170.7250
15237.3500
15304.3500
15373.4000
15442.8750
15513.1750
15584.6250
15656.1000
15728.5500
15801.2250
15879.1500
15954.3000
16030.8000
16110.7250
16192.4750
16271.8000
16355.2000
16439.7000
16526.6500
16613.5250
16702.4000
16793.7750
16886.5500
16981.5500
17080.1250
17180.8000
17291.3750
17404.9250
17518.4750
17639.7750
17772.5000
17908.3250
18070.3500
18254.9750
18501.9500

