1964.3500
2171.7250
2344.5250
2502.8750
2649.9000
2784.0750
2912.1250
3034.1750
3152.5750
3267.0000
3377.7000
3485.1250
3590.9000
3693.4000
3792.5500
3889.5250
3984.1250
4076.2750
4168.0750
4256.5500
4344.8000
4432.7500
4517.1750
4601.3000
4682.7500
4763.8500
4843.9750
4923.7750
5003.1000
5078.3750
5153.9500
5228.0250
5302.5000
5374.7250
5448.0000
5518.4000
5587.9250
5657.8000
5726.8500
5795.7500
5863.0250
5929.8000
5995.7000
6060.4750
6126.5000
6189.7750
6253.1000
6314.4500
6376.4500
6439.4500
6499.9250
6560.5750
6620.4500
6678.9250
6738.0000
6796.9500
6854.5000
6910.3750
6967.3000
7023.5500
7079.1750
7135.7500
7189.9250
7244.3500
7299.3750
7353.6750
7405.5250
7459.4250
7512.7000
7564.4250
7616.8000
7666.7000
7718.1000
7769.7500
7819.5250
7869.8000
7918.3250
7968.6750
8018.3750
8067.6000
8116.2250
8164.6500
8212.9250
8260.8000
8308.5000
8355.3000
8403.0000
8448.7750
8494.7250
8541.0250
8586.5750
8632.4250
8677.8250
8723.3750
8768.9000
8813.6500
8858.6750
8902.4000
8946.6000
8989.5750
9033.0500
9076.0250
9119.2750
9162.8250
9205.2500
9248.7750
9291.0750
9333.8000
9375.5000
9416.3000
9458.7500
9501.0750
9541.6250
9583.2750
9625.0750
9666.3250
9708.0250
9747.8750
9788.6750
9828.1250
9867.8500
9907.6500
9948.4750
9987.1250
10027.3000
10066.9000
10105.0750
10145.0500
10184.5250
10223.3250
10262.1000
10301.8500
10340.3750
10378.5500
10416.9500
10454.6750
10492.6000
10529.6750
10568.3750
10605.8250
10643.9750
10680.4250
10718.3000
10755.0500
10793.5250
10829.6500
10867.0000
10904.1750
10942.1000
10977.4000
11014.1500
11051.0750
11087.7750
11125.8250
11163.0500
11199.7000
11236.6250
11274.1500
11312.4750
11349.4500
11388.4750
11426.0000
11463.1750
11501.7000
11539.7000
11577.3500
11616.8750
11655.2000
11694.1500
11733.0250
11772.1750
11810.9750
11849.3000
11888.7750
11929.3000
11968.4000
12008.7500
12047.1750
12088.3500
12129.2000
12168.9000
12209.8750
12250.5000
12290.6000
12332.2000
12373.0500
12413.5250
12456.3750
12497.6500
12539.4500
12582.0500
12623.0750
12665.5500
12708.5500
12749.7500
12792.9500
12836.4250
12879.2500
12922.5750
12966.4000
13009.6250
13054.1500
13098.3250
13143.8750
13187.6000
13231.6500
13276.1500
13321.6500
13366.6250
13412.8250
13458.3500
13503.5250
13551.2000
13598.0750
13644.7250
13691.7250
13739.7500
13788.0250
13835.7500
13884.1750
13933.0750
13982.1750
14030.8250
14080.2250
14129.4000
14179.8500
14230.3250
14281.0250
14332.3500
14382.6750
14434.6000
14486.7750
14538.9250
14591.6000
14644.7500
14698.3250
14752.5250
14807.5250
14862.5750
14918.7250
14974.3000
15032.2750
15088.3500
15145.5250
15203.5750
15261.4250
15319.4250
15378.7250
15438.4250
15499.3750
15560.1500
15621.7500
15682.7500
15745.9250
15809.6000
15874.8000
15938.8000
16005.6000
16070.9000
16136.7000
16203.6750
16271.8250
16341.4500
16413.2000
16482.7250
16554.1250
16626.7250
16700.8500
16774.8500
16850.4250
16927.9500
17005.0000
17083.8250
17162.3500
17241.9000
17325.1000
17407.9750
17493.4250
17580.5250
17666.9500
17756.8500
17848.8250
17942.3000
18037.2000
18133.6500
18233.0500
18335.4000
18438.5000
18545.8000
18655.1750
18768.7750
18888.2750
19010.7500
19141.7000
19280.1000
19426.4750
19586.5000
19773.5500
20004.2500

