2126.0500
2335.6250
2511.3750
2665.2250
2808.3500
2946.0250
3073.3000
3196.1750
3311.7000
3424.5000
3535.3750
3641.5500
3742.5500
3844.0000
3941.8500
4037.9750
4133.7250
4226.3500
4317.6250
4406.2750
4494.0250
4579.8000
4665.0750
4747.2500
4829.4000
4909.5250
4989.2750
5066.4000
5144.8750
5220.5000
5296.7000
5369.6500
5443.6250
5517.1250
5588.9750
5660.3250
5729.4750
5799.1000
5867.0750
5934.7500
6000.8500
6067.0500
6133.1000
6197.3750
6260.4250
6324.4000
6386.0250
6449.6500
6511.2250
6571.8250
6632.3250
6693.4000
6752.3750
6811.2750
6869.7750
6928.1000
6985.2250
7042.7500
7098.5250
7154.6750
7211.3500
7265.4500
7320.6250
7375.5000
7430.0750
7482.7750
7535.9500
7589.7750
7641.2750
7692.9000
7744.8000
7796.4500
7847.8000
7898.0500
7948.7250
7998.6000
8048.8500
8099.7750
8148.6000
8197.7500
8245.7000
8295.0750
8343.1000
8390.3500
8437.0500
8485.3000
8531.3750
8578.0250
8624.1250
8670.7250
8716.5500
8762.7250
8808.3500
8852.9250
8897.7000
8943.0500
8987.3000
9032.3250
9076.6750
9119.7750
9163.4750
9207.4500
9251.1000
9294.9000
9337.9750
9380.4250
9422.7250
9465.7250
9507.9500
9550.6500
9591.5500
9634.1500
9675.0500
9717.2000
9758.5500
9798.7500
9840.1750
9879.5750
9921.0000
9961.5250
10001.4000
10041.2000
10081.5000
10121.4500
10161.4000
10200.5000
10240.0750
10279.7750
10319.6250
10359.6750
10398.4500
10436.1500
10475.7750
10513.7000
10552.2250
10589.7750
10628.7500
10666.6750
10704.3250
10742.5250
10780.3000
10817.7750
10855.0250
10892.7250
10929.6750
10968.1250
11005.1250
11041.8500
11079.9500
11117.4500
11154.2250
11192.2250
11229.6250
11267.1250
11306.0500
11344.2000
11382.4250
11420.7500
11460.0750
11499.4000
11537.7500
11577.1500
11615.6000
11654.8750
11694.9250
11734.3750
11774.2250
11813.6250
11853.3250
11893.7750
11934.2500
11974.7000
12014.6500
12054.9750
12095.7250
12137.2750
12177.5000
12218.6500
12260.8250
12302.1250
12344.9000
12386.8250
12429.1250
12471.3000
12513.3500
12555.3000
12597.2000
12639.8750
12683.3000
12725.7500
12769.4000
12812.7000
12857.4000
12900.7250
12944.5000
12989.2500
13033.7250
13077.8250
13121.6000
13166.9500
13212.5500
13256.4000
13304.0000
13349.0750
13395.1250
13441.4000
13488.1750
13534.8000
13581.6750
13630.6250
13678.3750
13725.4500
13774.5250
13822.4750
13871.3000
13920.8750
13969.3750
14019.4500
14068.5750
14119.5750
14171.0500
14222.0250
14273.6750
14324.0250
14376.5750
14430.7500
14483.3250
14537.1250
14590.5750
14644.3000
14699.8000
14754.8000
14809.8750
14866.0500
14922.3250
14978.5250
15036.0250
15094.7750
15153.8500
15211.7750
15271.1250
15331.4250
15392.2000
15451.8500
15512.7750
15575.9000
15638.6250
15701.5000
15765.9250
15832.2500
15897.3750
15963.2750
16031.6000
16097.7250
16166.8250
16234.8000
16305.5750
16375.4000
16447.7250
16519.5000
16593.0250
16666.8250
16742.3750
16819.8750
16896.5000
16974.3500
17054.3250
17135.6500
17217.2250
17301.5250
17386.5500
17473.3750
17561.7500
17652.4000
17745.0000
17838.1250
17932.0000
18030.6500
18130.4500
18232.5000
18337.9000
18443.7000
18555.5000
18671.3250
18790.7000
18916.4000
19048.5750
19192.0750
19344.4000
19510.9500
19709.2250
20020.5500

