4322.3000
4508.5500
4674.0250
4818.4750
4943.0000
5063.8500
5180.4250
5287.4500
5391.3000
5489.5500
5587.6750
5682.1250
5772.7500
5861.1750
5949.1750
6034.1500
6117.6000
6199.1000
6279.8500
6358.3000
6437.3500
6513.3750
6589.2250
6661.8500
6735.7500
6807.3750
6876.3000
6948.7500
7016.4250
7086.2500
7152.6500
7220.5500
7285.2500
7351.2750
7413.7000
7477.5000
7541.0250
7603.5000
7664.8250
7725.3750
7785.5750
7844.4250
7904.4000
7962.8500
8020.8000
8078.4000
8135.7000
8191.1000
8249.1250
8304.0000
8358.4250
8413.3500
8467.7500
8521.3000
8575.3750
8628.2750
8680.3250
8732.6750
8784.7500
8836.3500
8887.6500
8939.1000
8989.4750
9040.0000
9089.9250
9138.9000
9188.9250
9237.9250
9287.2000
9335.9750
9384.7000
9432.4500
9479.3250
9526.6500
9574.1500
9620.9250
9668.3000
9714.9000
9761.3250
9806.5250
9852.7000
9897.6500
9944.0250
9989.9000
10034.7000
10078.7750
10123.9750
10167.9250
10212.6000
10255.3750
10298.9000
10342.4250
10387.4250
10430.8000
10473.5750
10515.5750
10558.7250
10601.0750
10643.2750
10684.8000
10728.1250
10768.9750
10810.8000
10852.5500
10893.2500
10934.6750
10976.8000
11017.9750
11059.1250
11099.9250
11141.1000
11182.8750
11224.3250
11265.8750
11307.6000
11350.1000
11392.9750
11435.5000
11478.2750
11521.4500
11564.1250
11608.1500
11651.4500
11694.6500
11738.6250
11782.3750
11826.7000
11870.6750
11916.0250
11959.3000
12004.8000
12050.0000
12094.8250
12139.6000
12185.8500
12232.1500
12277.9750
12324.3750
12372.0750
12419.5750
12466.3500
12513.3750
12562.4250
12609.1500
12657.6750
12706.9250
12754.9000
12804.5250
12853.4500
12904.1000
12954.4000
13004.6500
13055.3500
13105.1750
13157.1750
13208.0000
13260.0500
13312.1750
13365.1500
13418.4250
13471.3000
13524.6500
13579.9000
13635.5750
13690.4000
13744.7500
13800.2500
13856.3750
13912.8500
13971.3500
14029.7000
14087.5500
14146.4000
14205.5250
14266.9750
14327.5250
14389.1000
14451.7250
14513.3000
14576.0000
14640.6250
14703.9250
14771.1500
14837.1750
14905.9250
14972.5500
15041.0750
15111.7750
15183.7750
15256.1250
15329.5750
15402.1750
15479.3500
15556.4000
15633.6000
15711.2000
15792.8000
15877.8000
15961.5000
16045.6000
16135.8750
16223.5750
16318.8500
16413.9500
16512.5500
16617.4250
16723.0000
16835.9750
16954.3750
17082.0000
17219.4750
17377.2250
17561.5250
17819.4250

