2907.5500
3101.7250
3274.2250
3426.4750
3562.1750
3693.6250
3815.4250
3934.3000
4045.0750
4151.9500
4259.5750
4363.4000
4462.2500
4559.9500
4651.5500
4745.9500
4837.6000
4926.3250
5013.4000
5099.7500
5185.0250
5267.3000
5349.3000
5428.8000
5509.1250
5586.3000
5662.0750
5738.1750
5811.8500
5885.7250
5958.5750
6030.2750
6101.6750
6171.3000
6240.1500
6309.2500
6376.9000
6443.7750
6510.3500
6575.9750
6641.3500
6704.8000
6769.3250
6832.8250
6894.7000
6956.2000
7017.5750
7078.0500
7137.5000
7197.3750
7256.4000
7315.0000
7374.5250
7430.3250
7487.0250
7544.0250
7600.2250
7656.3250
7711.3000
7766.6000
7820.6750
7874.4000
7928.6000
7982.4750
8034.9000
8087.1750
8140.1000
8191.9000
8242.2500
8293.7750
8345.0750
8395.7000
8445.8750
8495.3750
8544.4750
8595.1000
8645.7500
8694.1750
8742.9000
8790.9750
8838.8750
8886.9500
8934.5250
8981.0000
9028.0500
9075.2250
9122.4000
9168.8000
9214.8500
9260.4500
9305.4750
9350.7000
9396.1250
9440.0750
9485.0500
9529.6750
9573.8250
9617.7000
9662.3250
9705.4500
9749.9000
9793.6750
9835.9500
9878.9500
9922.1000
9964.9500
10007.1000
10049.5250
10090.3500
10132.1500
10174.1750
10215.8000
10256.7500
10298.9000
10339.8750
10379.7750
10421.1250
10461.5250
10501.9250
10542.4750
10581.7500
10622.8500
10663.2250
10702.9750
10742.8750
10782.8500
10822.7250
10862.0250
10900.5250
10939.5750
10979.4250
11018.0000
11057.4000
11096.3250
11136.7000
11175.0500
11215.1000
11254.6000
11294.3000
11334.7500
11373.7250
11414.7000
11455.1500
11494.6500
11536.2250
11576.8500
11618.4000
11660.2000
11701.1000
11741.0750
11784.1250
11824.4500
11867.4750
11909.2500
11951.3250
11993.4250
12036.4500
12079.4250
12122.3250
12165.3000
12208.2000
12252.0000
12295.5000
12339.5500
12382.9500
12427.3750
12471.6750
12516.2250
12560.5500
12605.3250
12650.6000
12695.7750
12741.1750
12787.7750
12833.1750
12879.3250
12926.6000
12972.8500
13020.6250
13066.8750
13113.7250
13162.0750
13209.1750
13257.8750
13306.3500
13354.1750
13403.9500
13452.6750
13502.3250
13552.2000
13602.7000
13653.4500
13703.4250
13755.3000
13806.0000
13857.7000
13911.5500
13962.5250
14015.3750
14069.3750
14122.5000
14176.7750
14230.7750
14285.2250
14340.0750
14396.0750
14452.8750
14509.4750
14567.6250
14625.3250
14683.5750
14741.9250
14799.7250
14860.3000
14919.9250
14980.8250
15042.6250
15104.9750
15167.3500
15228.7000
15293.0000
15358.0500
15423.7500
15489.5750
15555.2000
15622.4000
15689.7750
15760.7500
15829.1500
15901.0250
15972.0250
16044.7500
16117.8750
16191.0750
16266.2250
16341.9500
16417.8000
16498.5750
16577.9250
16658.2500
16740.1250
16823.7500
16907.7250
16995.4500
17083.8500
17174.3250
17266.3500
17359.2500
17455.8500
17554.9250
17658.6250
17762.4250
17872.3500
17988.6250
18101.9000
18227.3500
18359.1750
18498.9750
18660.5000
18837.7750
19055.3250

