5433.4750
5605.9000
5746.3750
5873.5250
5991.6750
6104.9500
6206.8750
6312.8000
6406.9250
6500.0000
6589.6750
6676.9000
6762.4250
6844.6250
6926.1000
7004.6500
7082.0500
7161.3750
7232.5500
7306.4000
7378.7000
7451.4500
7520.9750
7590.0000
7659.6000
7725.2500
7790.3500
7856.8750
7922.0250
7986.4250
8048.4250
8110.1750
8171.6750
8231.9250
8291.7250
8352.3250
8412.4000
8471.0500
8526.4000
8583.9250
8639.9500
8696.1250
8751.1250
8805.0000
8860.5250
8913.5750
8967.0500
9021.2750
9074.2250
9126.2000
9178.3000
9230.9250
9282.0250
9332.4500
9382.8750
9434.0000
9482.9750
9532.0500
9582.0250
9630.7750
9679.2250
9726.9000
9775.0750
9822.6000
9869.3250
9917.4250
9963.1000
10010.9500
10057.9250
10104.3000
10149.8000
10196.0500
10242.6500
10287.9250
10332.7250
10377.6250
10422.4750
10466.7500
10510.6000
10554.0250
10597.3500
10640.8250
10684.0500
10727.5750
10770.6000
10813.7250
10855.0500
10898.8500
10940.9250
10983.1000
11026.0750
11068.5000
11110.3750
11152.3250
11195.2250
11238.4500
11281.1500
11324.4500
11367.3250
11411.4500
11455.0750
11500.3750
11544.3250
11588.5750
11634.4750
11679.1750
11725.1000
11770.2000
11816.0500
11861.7750
11907.0750
11953.1500
11999.6500
12046.7750
12094.0500
12141.6500
12188.8750
12235.2500
12283.4250
12331.9000
12381.7500
12430.3000
12480.1500
12529.0750
12579.2750
12630.0250
12679.5750
12730.1250
12781.4500
12833.2000
12884.1500
12937.1000
12990.3250
13043.7000
13098.5500
13153.3250
13208.1250
13264.0000
13319.5750
13377.1750
13434.2750
13490.6250
13547.9500
13606.9000
13665.6250
13725.8750
13786.6000
13846.9250
13910.4750
13973.0250
14035.7000
14099.8250
14164.4750
14229.4250
14294.8500
14362.3750
14429.6000
14497.7750
14568.2000
14641.8000
14714.2500
14787.6000
14861.3250
14938.2500
15019.7250
15101.0750
15183.3750
15268.3000
15356.6750
15448.4250
15542.3250
15641.7000
15746.0250
15848.1500
15961.6750
16083.6500
16219.2500
16357.5500
16526.8000
16749.4000

