3341.0750
3547.4750
3713.1250
3859.9500
3995.1250
4124.5750
4245.5250
4361.2000
4472.9500
4577.0250
4680.2500
4780.2750
4878.6500
4973.0750
5065.2250
5154.5000
5243.6000
5331.3500
5416.8750
5499.6500
5581.1500
5661.9500
5740.6750
5818.6250
5894.4000
5970.5000
6044.9500
6118.8500
6190.5000
6263.4750
6335.1750
6404.5500
6475.2500
6543.1000
6610.2250
6676.8500
6743.6000
6808.5750
6873.8500
6938.7000
7002.6250
7065.1000
7127.1750
7188.2750
7249.6500
7309.0250
7368.5500
7427.0750
7486.2000
7544.9250
7601.9000
7660.6250
7717.4000
7775.4250
7830.5250
7884.8750
7940.3750
7995.2500
8050.2000
8102.7500
8157.3250
8210.6750
8263.0750
8313.9250
8367.0250
8419.0250
8470.3500
8522.7500
8573.5000
8625.0000
8674.3250
8723.9250
8774.1250
8822.8750
8872.2000
8921.2500
8970.1000
9017.3750
9065.8500
9113.2500
9159.9500
9206.5750
9254.7250
9300.9250
9347.8750
9394.5000
9440.2000
9486.4500
9531.5000
9575.6250
9622.1750
9666.9000
9710.4250
9755.4000
9800.9000
9844.0250
9887.8750
9931.5000
9975.0750
10017.8500
10061.4250
10105.4500
10147.7500
10190.3250
10233.8500
10275.8750
10318.7250
10360.2750
10402.2500
10443.4500
10485.1500
10526.5500
10567.1750
10609.2500
10649.8750
10690.1000
10731.2000
10771.8000
10811.9750
10852.4750
10894.1000
10934.0500
10974.3250
11014.3500
11054.3500
11095.1750
11134.6250
11175.4500
11216.1250
11255.9250
11297.1000
11338.0750
11377.6500
11419.6000
11460.9500
11502.1250
11543.2750
11585.0250
11627.2250
11669.3500
11710.7750
11754.3500
11796.7500
11839.3000
11882.6500
11925.5750
11968.5750
12012.7250
12055.7000
12099.6250
12143.1000
12186.6500
12231.5500
12275.0750
12319.2750
12364.1500
12408.9500
12453.9250
12499.5500
12546.1750
12590.7000
12636.1750
12683.6000
12729.8500
12777.0250
12823.3250
12871.0500
12918.4250
12966.0000
13013.1500
13061.1250
13110.0000
13159.7000
13209.2500
13258.0750
13308.2250
13358.3250
13409.0500
13459.3250
13509.7000
13561.7250
13612.0250
13664.9500
13716.8500
13769.0250
13823.1750
13876.1500
13929.2500
13984.7750
14038.9500
14093.1250
14149.3250
14205.3250
14261.8750
14318.7000
14376.0750
14434.3750
14491.6500
14549.5500
14609.0000
14667.1500
14726.9250
14788.4250
14849.5500
14911.2750
14973.2000
15036.2500
15100.3500
15165.5000
15231.9500
15299.0500
15365.2750
15431.6750
15499.0000
15569.5500
15639.3000
15710.6000
15780.2250
15853.0250
15927.1000
16001.4500
16077.9000
16154.5750
16232.3500
16312.4250
16393.2250
16475.3500
16559.3500
16645.7000
16732.1000
16821.5750
16912.3250
17005.8000
17098.4000
17195.7750
17298.1000
17402.0000
17506.7500
17620.4250
17738.0750
17861.6000
17993.2750
18139.6250
18296.2500
18483.4250
18759.6000

