2311.2500
2518.0250
2691.7500
2845.9000
2985.6250
3119.0750
3245.3000
3366.5750
3481.4750
3594.4750
3702.2500
3808.7750
3910.2000
4009.4500
4108.1250
4203.0000
4295.0750
4385.5000
4474.9250
4564.2500
4651.3000
4737.7750
4821.9000
4904.2000
4985.9000
5065.5000
5144.3250
5222.5500
5300.0500
5374.8250
5449.4500
5523.0250
5594.8250
5665.7500
5737.4250
5807.8500
5877.1500
5945.5000
6012.8500
6080.8500
6146.4250
6212.7500
6277.2750
6341.3750
6406.2250
6468.7250
6530.7250
6592.8000
6653.9500
6715.8750
6775.6750
6835.6250
6895.1250
6954.2000
7013.0250
7071.3000
7128.2250
7184.2500
7241.3500
7297.7750
7353.2750
7409.6500
7462.6250
7518.5250
7572.0500
7626.2250
7678.3500
7730.6500
7782.9750
7834.5250
7886.5250
7938.3250
7988.2000
8038.3000
8089.4000
8139.8000
8188.8250
8238.0500
8287.4000
8335.6750
8384.3500
8432.0000
8480.9500
8528.6750
8576.6000
8623.0500
8670.2000
8716.9250
8763.3250
8809.3750
8855.4750
8901.1250
8945.7000
8991.3500
9036.5250
9081.4500
9126.8000
9170.6000
9215.2750
9259.2750
9302.8750
9346.4750
9389.1750
9432.9000
9475.6250
9518.4250
9561.6750
9603.1500
9645.1250
9688.1250
9729.9750
9771.5500
9813.7000
9855.0000
9896.9000
9938.4500
9979.0500
10019.9000
10060.3000
10101.1250
10141.4000
10181.9000
10222.2250
10262.3250
10301.5250
10341.2500
10380.1750
10420.3000
10459.8000
10498.8500
10538.1250
10576.9000
10615.9250
10653.4750
10693.4000
10731.3500
10770.2500
10807.9000
10846.2500
10885.1500
10922.7750
10959.7500
10997.7000
11035.9750
11075.0000
11112.8000
11150.2250
11187.7000
11226.3250
11265.5000
11304.2250
11342.8250
11382.1250
11421.4750
11460.6000
11499.8500
11539.2000
11578.2250
11617.0250
11656.7000
11697.3500
11736.4250
11777.3750
11818.0000
11858.2250
11898.3750
11938.6750
11979.5750
12020.4000
12061.3750
12101.5000
12144.1000
12184.9250
12227.8000
12269.1000
12311.8500
12354.6250
12395.7500
12437.8500
12480.6750
12524.7750
12567.4250
12610.8000
12654.8000
12697.9250
12742.1000
12786.1750
12829.2250
12874.1000
12919.2000
12962.3500
13007.4250
13053.5000
13099.1750
13144.1500
13190.6000
13237.3000
13284.1500
13331.3000
13376.8000
13424.1000
13471.0500
13518.4500
13566.9250
13615.2500
13662.9750
13711.2500
13760.3750
13808.2750
13858.6500
13909.0750
13959.3250
14010.7500
14061.5250
14111.6500
14163.3500
14215.3000
14268.5750
14320.8000
14373.8000
14427.3000
14481.5000
14536.8500
14591.1500
14646.1250
14700.6250
14755.3000
14812.4750
14869.2000
14926.7500
14985.1500
15042.5500
15102.1250
15160.3750
15219.3500
15280.2000
15341.3750
15402.8250
15464.1500
15526.8750
15589.4000
15653.6000
15718.7750
15783.4500
15848.9250
15915.1000
15983.0500
16050.3250
16119.1750
16189.5750
16258.6000
16331.0500
16403.5000
16476.6000
16551.2000
16626.1500
16702.7500
16778.8750
16857.8500
16938.0750
17019.7250
17101.9000
17186.4750
17270.8250
17356.2000
17443.8500
17534.1500
17624.0250
17717.6000
17813.6500
17911.5250
18011.6250
18115.5750
18221.3500
18329.6250
18443.5500
18560.9250
18683.5000
18812.8500
18946.7250
19094.3000
19254.2500
19438.1000
19672.9500

