4872.9500
5051.3750
5200.8250
5335.8000
5458.2750
5574.2750
5681.0000
5788.7500
5886.7250
5983.4750
6079.3750
6173.3000
6263.2000
6349.5000
6432.1750
6515.0500
6594.2750
6675.1000
6752.4000
6829.9750
6904.7750
6977.8750
7051.0500
7122.4500
7192.9750
7263.5000
7331.5000
7398.1250
7466.0000
7533.4250
7597.9750
7662.3750
7725.6250
7788.8000
7850.7000
7911.5500
7973.7500
8033.7000
8095.3750
8154.0500
8211.5500
8269.2250
8326.8750
8384.4750
8440.6250
8497.5750
8552.3750
8606.5750
8662.5500
8716.5000
8770.5250
8822.8000
8875.5000
8927.9000
8979.1500
9031.4250
9081.7000
9133.5000
9183.9250
9234.2750
9283.7500
9333.9250
9382.1250
9431.0000
9479.8500
9528.9500
9577.1750
9625.2250
9673.2250
9721.2250
9769.2750
9815.9500
9864.4250
9910.3250
9955.9000
10002.0250
10048.8000
10093.5500
10138.3750
10183.9500
10228.8750
10273.4000
10319.4000
10362.4750
10405.9750
10450.0250
10492.4750
10536.4000
10580.0500
10623.6000
10666.5000
10708.0250
10751.4250
10793.1500
10836.2250
10877.2500
10919.3500
10961.0000
11002.7250
11044.7750
11085.6250
11128.1250
11169.8750
11211.8500
11254.9000
11297.7000
11339.3000
11381.9750
11425.1000
11467.8500
11511.8500
11554.0750
11597.7250
11641.6500
11685.2250
11730.1250
11775.4500
11820.1000
11865.2750
11909.8750
11955.3000
12001.5500
12047.5750
12094.1000
12140.7750
12185.5000
12231.9500
12280.1250
12326.9750
12375.7000
12424.0000
12472.6500
12520.5250
12568.6750
12617.2500
12667.4250
12717.7750
12768.1250
12817.7500
12868.1750
12918.9750
12970.2500
13020.3750
13073.8000
13126.2500
13178.5000
13231.3000
13284.5250
13338.1750
13391.7500
13446.8500
13502.2250
13558.5750
13614.9500
13672.7500
13729.9000
13787.4750
13846.6000
13903.3000
13962.5000
14022.9750
14083.6500
14144.5750
14205.8750
14268.4750
14330.6750
14395.3250
14459.6750
14525.0750
14590.9750
14659.4250
14727.6500
14796.2500
14867.9750
14938.3750
15012.2750
15084.0750
15159.9500
15236.5250
15312.4750
15392.0000
15474.0750
15555.7750
15638.6000
15725.3250
15813.2750
15905.2500
16001.3000
16097.4750
16199.9000
16310.4250
16422.5250
16542.5500
16674.5000
16820.1500
16990.9750
17209.2750

