3826.7750
4019.3000
4184.7750
4325.9750
4457.8250
4582.4000
4700.6000
4814.4250
4920.7000
5023.7500
5124.8250
5222.8000
5316.1500
5408.0250
5495.6500
5583.8750
5669.7750
5754.0000
5837.6500
5918.7250
5997.2750
6075.3500
6150.3750
6226.7500
6300.6000
6374.7000
6447.6500
6520.5750
6591.7750
6661.8000
6730.1250
6799.1500
6865.1500
6931.9750
6998.2500
7061.8000
7128.2750
7191.8000
7255.8000
7317.9250
7379.3750
7441.3250
7502.2500
7563.0000
7624.2750
7683.1500
7742.1250
7800.5500
7858.1250
7916.1000
7973.1500
8028.4500
8084.2750
8139.8000
8195.2500
8249.7250
8304.1000
8357.4500
8411.2500
8464.0500
8516.8750
8570.4500
8621.5000
8673.2250
8724.5000
8774.7750
8825.0750
8875.0500
8924.3500
8973.9750
9023.3250
9072.6500
9121.6000
9169.6500
9217.4500
9264.6500
9313.6250
9360.1750
9407.9000
9455.3750
9501.5500
9547.7750
9593.5250
9639.8250
9684.8500
9731.3000
9776.3250
9821.7000
9865.2000
9909.8000
9954.0000
9997.9750
10042.5750
10085.6250
10129.2500
10173.4250
10215.8250
10259.1000
10302.1250
10345.1250
10388.2750
10430.9750
10473.8500
10516.9000
10559.2000
10601.5000
10643.4750
10685.8000
10727.4500
10768.4750
10809.4250
10850.9750
10890.8500
10931.5000
10972.2000
11012.7500
11053.7750
11094.5000
11135.5750
11177.1750
11217.9750
11258.8000
11300.5000
11341.4750
11383.8250
11424.8500
11468.4500
11510.0000
11550.8500
11594.7500
11636.6500
11679.8500
11722.4250
11765.7500
11810.2000
11854.2750
11897.1000
11941.2000
11983.9250
12028.4000
12073.2250
12118.0500
12163.4750
12207.8750
12252.9250
12297.7000
12343.2250
12389.7500
12435.2750
12481.7500
12528.5500
12575.5250
12623.1750
12669.6500
12717.4500
12765.2750
12812.7750
12861.8500
12911.1500
12960.1750
13008.7000
13058.9500
13108.7000
13158.7750
13209.6500
13260.2750
13310.6250
13362.2000
13413.0250
13464.7000
13516.9750
13569.5250
13621.0750
13675.4250
13728.3750
13781.6000
13836.6750
13890.6000
13947.7000
14003.4750
14059.4250
14115.5250
14172.2750
14231.0250
14289.4750
14348.8500
14409.2500
14470.0500
14529.9000
14591.1500
14653.3500
14714.3750
14777.2000
14839.2500
14904.7250
14970.0750
15036.0500
15101.1750
15169.3000
15236.5000
15305.5500
15376.4000
15446.9500
15517.0500
15590.8000
15665.3750
15740.1250
15815.0250
15891.7750
15972.0250
16052.6750
16133.4000
16216.2750
16302.0500
16389.2250
16475.8000
16566.8250
16657.4000
16752.9250
16851.3250
16952.9250
17057.2500
17167.9000
17277.8750
17402.3500
17527.4750
17671.1500
17829.9250
18009.7000
18255.3500

