2525.7250
2732.0500
2899.2750
3050.9500
3192.6500
3324.3250
3449.6000
3566.2750
3682.3250
3791.4000
3899.5250
4001.2000
4102.3250
4201.5250
4296.5750
4392.7250
4485.5000
4576.7750
4665.7500
4752.4750
4838.3750
4921.9750
5004.7500
5086.4000
5165.2750
5245.4250
5322.9750
5398.9500
5474.4750
5549.8500
5624.7750
5697.2500
5770.0500
5841.2750
5911.1750
5980.8750
6049.1500
6116.7250
6184.4250
6250.4000
6316.7500
6381.5500
6446.7500
6510.5000
6573.5000
6636.7250
6697.8500
6759.3250
6820.7500
6880.9500
6940.7750
6999.2250
7057.9750
7116.5000
7173.9750
7231.6000
7288.2500
7345.6250
7400.7250
7455.9000
7511.8750
7565.7750
7621.0500
7674.2500
7728.3500
7781.7750
7834.6250
7886.5000
7938.4000
7991.0750
8042.9000
8092.9250
8144.8000
8194.8000
8244.8250
8295.0500
8344.0250
8393.9500
8443.1000
8492.3750
8539.4000
8589.4750
8636.1500
8682.4750
8729.6250
8776.8500
8823.6250
8871.3750
8916.5250
8962.6500
9007.7250
9052.8750
9098.8750
9144.8000
9190.3250
9235.0250
9279.3500
9324.1750
9367.6000
9412.4500
9455.6000
9499.5500
9542.8750
9586.4500
9628.9500
9672.0250
9713.3750
9756.7000
9798.2500
9839.9750
9881.9000
9923.7500
9965.9250
10007.5250
10048.6500
10090.0750
10131.5500
10172.4750
10212.9750
10253.3000
10294.1750
10333.8250
10375.0250
10413.9000
10454.8500
10493.7000
10532.5750
10572.3000
10611.9250
10651.0500
10689.9750
10728.7000
10768.0000
10806.8750
10845.5250
10884.5000
10922.3500
10961.2500
10999.0750
11038.0500
11075.9250
11115.0250
11152.8500
11190.8250
11229.6250
11269.3250
11308.4000
11348.7250
11388.1500
11427.8500
11466.9500
11506.9500
11545.8250
11586.4000
11625.8750
11666.5250
11707.2750
11748.2000
11788.4500
11829.5000
11870.2750
11910.9750
11952.5250
11994.9250
12036.4500
12077.4000
12119.0750
12160.8000
12202.9750
12246.3000
12288.3500
12331.6500
12373.9250
12416.7750
12461.8250
12504.1500
12547.8750
12591.9000
12636.1750
12679.3750
12724.8750
12769.6750
12813.6000
12858.0000
12903.8250
12950.0750
12995.1500
13040.7750
13087.3000
13133.4750
13180.6500
13227.6000
13274.4500
13321.5000
13369.6250
13416.5750
13464.2500
13512.0750
13560.8000
13610.6000
13660.2000
13709.6000
13760.6000
13809.5000
13860.3500
13910.8500
13962.5500
14013.7500
14065.7500
14117.9000
14170.2250
14223.3000
14276.0750
14330.1750
14383.7500
14439.1500
14493.5250
14548.1000
14604.6250
14660.5500
14716.7750
14774.0750
14831.3000
14889.7250
14949.1250
15007.7250
15066.7250
15126.9250
15187.9500
15247.6250
15310.2500
15373.1500
15435.7000
15499.6000
15563.0500
15627.5500
15693.0500
15760.1250
15826.8750
15894.3000
15962.8500
16031.8000
16102.2500
16171.7000
16243.2750
16317.2750
16389.6250
16463.8250
16539.2750
16616.6000
16693.7500
16772.4500
16853.6750
16934.5750
17017.6250
17101.2000
17185.8250
17272.8250
17360.7250
17452.9500
17544.6250
17639.5000
17734.1000
17833.1250
17934.1500
18038.4000
18145.5750
18255.5750
18371.5250
18493.5250
18618.0250
18751.2000
18896.1750
19053.3750
19233.8000
19468.0250

