1640.1500
1851.4000
2025.9250
2184.1000
2330.7500
2469.2000
2600.4500
2722.3000
2843.7750
2958.1250
3071.1250
3178.9500
3285.8250
3388.6500
3489.5500
3588.4000
3684.1500
3779.7250
3873.3750
3964.3750
4053.6000
4140.7500
4229.0500
4316.1000
4398.5250
4481.3750
4563.7750
4642.4750
4721.4250
4798.7250
4874.2750
4949.9250
5024.9000
5099.6000
5172.3750
5244.6500
5315.5500
5384.8000
5454.6000
5522.6250
5590.7500
5658.1250
5725.8500
5790.7000
5856.9250
5921.5500
5985.4750
6046.8500
6110.1250
6171.8500
6233.9750
6293.8250
6354.4750
6414.3750
6474.1750
6532.2250
6589.2000
6647.4000
6704.3250
6761.3750
6817.9250
6873.1000
6928.2250
6984.2250
7038.2500
7092.6500
7145.9000
7199.6000
7252.3000
7304.1500
7356.5500
7407.7250
7458.7500
7508.9500
7559.6250
7609.4250
7659.2500
7709.3750
7757.7500
7807.0500
7854.9000
7902.7750
7950.3000
7998.4750
8046.2500
8093.5500
8141.0250
8186.4250
8231.9500
8277.1750
8323.8750
8369.0000
8415.2000
8460.2000
8504.3750
8548.7500
8593.2000
8637.2000
8680.8000
8724.2000
8767.6000
8810.9500
8854.1750
8897.0500
8939.6000
8982.6750
9024.5500
9067.1500
9107.9250
9150.6250
9191.3750
9232.1250
9273.5000
9313.5750
9354.2750
9395.6750
9435.1750
9477.2500
9516.3250
9557.2500
9597.0000
9637.7500
9677.1250
9716.3500
9755.8250
9794.8000
9834.4750
9873.7750
9913.5750
9951.4000
9989.5750
10028.3250
10066.8250
10104.2500
10141.7750
10180.0000
10217.5250
10254.7250
10292.0500
10328.7500
10366.6500
10403.1500
10440.1000
10476.0750
10513.9500
10550.3750
10587.7500
10624.1250
10659.2750
10697.3750
10733.9000
10769.4500
10805.1250
10842.4500
10877.5750
10913.5250
10949.2750
10985.2000
11021.2000
11056.6000
11091.8000
11127.5750
11164.5750
11199.8250
11236.0250
11272.7000
11309.9500
11346.0000
11381.5500
11419.2750
11457.1500
11492.8750
11530.4000
11567.3250
11605.6250
11642.6750
11680.0500
11717.3750
11755.2000
11792.7250
11830.2750
11868.8250
11907.2250
11945.8750
11983.1250
12022.1000
12061.6750
12100.3750
12140.1250
12178.4000
12217.0000
12257.5250
12298.0750
12337.6750
12378.0250
12417.7500
12456.3500
12496.8250
12537.6750
12577.9000
12618.6500
12659.4500
12701.2000
12742.5000
12782.5500
12825.0750
12866.9000
12908.8500
12951.7750
12993.9500
13035.3500
13078.2000
13121.4000
13163.4750
13207.9250
13249.8000
13293.4000
13336.9000
13381.3500
13425.2750
13469.7500
13515.9750
13560.5750
13606.3750
13652.1750
13696.8750
13742.1250
13788.8750
13836.1000
13882.9500
13930.0000
13977.3750
14024.5250
14070.6250
14117.9250
14167.0250
14215.4000
14263.7250
14313.9250
14364.1000
14414.7000
14464.6750
14515.3750
14567.0750
14617.4500
14669.3000
14721.0000
14773.7000
14827.2000
14880.2750
14932.5750
14986.5000
15041.7750
15097.2000
15152.2500
15208.5750
15264.5500
15320.4000
15377.9500
15435.2250
15493.2250
15552.4000
15611.8250
15670.9750
15731.6750
15792.7250
15854.5250
15917.2750
15980.2000
16043.4750
16107.8250
16172.3750
16239.1000
16304.9750
16372.7500
16441.1000
16509.9000
16578.4250
16648.7250
16720.0000
16792.0750
16863.8000
16938.0000
17013.0750
17088.9750
17166.1000
17243.1000
17322.6500
17402.3250
17484.5500
17566.8000
17650.9000
17738.4750
17823.8750
17911.3000
18001.8500
18092.2750
18185.0000
18281.4750
18378.8500
18477.3750
18579.7750
18684.4750
18791.0500
18903.0750
19020.1250
19139.1250
19262.1750
19390.5000
19527.0750
19669.1750
19827.7750
20001.9500
20205.5750
20526.4000

