5142.5750
5311.4750
5458.3000
5594.6750
5718.8250
5832.6250
5940.6500
6045.5750
6143.9250
6238.2750
6332.9000
6420.2000
6511.2000
6596.2000
6679.9000
6760.0750
6834.4750
6914.6000
6993.5250
7068.5500
7142.0750
7213.7250
7285.4000
7357.0250
7425.0750
7493.8000
7561.2500
7628.1250
7694.5000
7761.1500
7824.1750
7887.6500
7949.3250
8013.1750
8073.4250
8132.8000
8192.0750
8251.7250
8311.4250
8367.8000
8424.4750
8482.7250
8537.9750
8594.2000
8650.1500
8705.2250
8760.0500
8813.6750
8866.6750
8919.4250
8971.2750
9023.7500
9076.0500
9126.2250
9178.0500
9228.5250
9280.6500
9331.4500
9381.0500
9431.3000
9479.8000
9528.3250
9576.0000
9625.1000
9672.7000
9720.1250
9767.7250
9814.9000
9861.9000
9908.2500
9954.8750
10000.8250
10047.7250
10092.5500
10138.0000
10184.0500
10229.0500
10274.3250
10319.4000
10364.1500
10408.7750
10452.8500
10497.0750
10540.8750
10584.6500
10627.9000
10670.4000
10712.4000
10755.0500
10798.0500
10840.4750
10883.0250
10926.4750
10968.4250
11009.9250
11051.4250
11093.8500
11134.3250
11177.7000
11220.2250
11263.9500
11306.8000
11349.7250
11392.4750
11435.9000
11479.7250
11522.7250
11566.5000
11611.8500
11656.4250
11701.4250
11745.4250
11790.8250
11835.0750
11881.7000
11927.2250
11973.2750
12018.5000
12064.9750
12111.7250
12158.1250
12204.9500
12253.8000
12300.4250
12348.8250
12396.4500
12444.2250
12494.3000
12543.0750
12592.5000
12641.8500
12692.3750
12742.3500
12792.7750
12843.1250
12894.5500
12946.7250
12998.2500
13050.1250
13103.0000
13156.3000
13209.9000
13264.5250
13318.3000
13374.4250
13428.5750
13484.5250
13541.0500
13598.5000
13656.4250
13714.0500
13772.5250
13831.3500
13890.0750
13949.3250
14011.4000
14072.2750
14134.2000
14198.2500
14260.9000
14325.7000
14390.9750
14458.0750
14524.9000
14593.0000
14662.2000
14732.6750
14804.2500
14876.9250
14949.8500
15025.6250
15104.7750
15181.2000
15259.7250
15345.0000
15428.8750
15513.0250
15601.1500
15693.8000
15786.0250
15887.9250
15986.0500
16093.7750
16206.6750
16337.1750
16467.3750
16617.0250
16798.0500
17037.4750

