5357.1750
5449.6000
5529.4000
5609.2500
5691.9250
5770.5500
5849.2750
5924.4000
6000.6000
6074.2000
6148.7000
6220.6500
6291.8500
6364.3250
6433.2000
6502.2000
6570.4500
6638.5000
6705.4750
6771.8000
6839.5000
6905.8500
6970.6750
7034.2500
7098.1500
7160.2000
7223.1250
7284.8500
7345.8000
7407.3750
7468.7500
7529.4500
7590.1750
7650.1000
7709.7500
7768.5000
7827.0000
7885.8000
7944.0750
8001.0250
8058.6250
8114.4500
8171.4500
8228.2250
8284.6750
8340.4000
8396.1000
8451.2500
8506.5750
8560.6000
8615.5750
8669.7000
8723.5000
8778.5500
8832.1750
8885.9500
8941.0750
8993.8000
9046.1500
9099.4750
9150.6250
9202.9750
9255.1000
9306.6000
9357.3750
9408.8000
9459.2750
9510.1000
9561.1000
9612.6250
9663.5250
9712.2500
9762.4250
9812.5000
9861.5500
9910.9750
9960.9500
10009.5500
10059.2250
10107.6750
10155.9000
10205.1750
10253.7750
10301.8250
10348.9750
10397.4500
10445.0250
10492.7500
10540.6750
10587.4750
10635.0000
10682.1250
10729.3000
10776.9750
10823.7250
10869.9500
10916.8750
10963.2250
11010.1500
11055.7250
11102.6750
11149.9000
11196.5500
11243.8250
11291.9250
11339.5500
11386.5750
11434.6750
11481.4250
11528.6750
11577.3000
11625.0250
11673.7000
11723.5500
11771.1750
11821.1500
11870.1250
11920.9500
11971.4250
12021.1750
12072.7500
12123.0250
12173.6250
12225.0000
12276.9500
12327.6500
12381.1250
12433.5000
12486.0000
12538.2000
12592.0250
12645.3000
12699.9000
12752.6500
12808.6500
12863.0250
12918.1750
12972.8500
13027.9250
13084.8250
13141.0000
13197.1500
13254.1000
13311.9000
13368.2750
13427.5500
13486.1750
13545.5500
13605.8000
13666.6250
13728.2250
13787.9000
13850.6750
13912.6500
13976.8000
14040.4250
14103.9500
14169.8750
14236.3000
14302.1750
14370.4500
14439.4500
14508.7500
14577.8250
14648.6000
14721.4000
14794.7000
14868.7000
14946.8750
15028.3750
15108.1500
15191.0500
15270.5500
15356.9000
15447.9750
15540.4250
15635.3000
15736.8000
15835.6500
15941.2750
16057.2500
16189.0000
16327.0000
16486.9750
16686.3750
17202.9500

