2530.7250
2695.1500
2837.2000
2962.3000
3074.4250
3177.6250
3268.8750
3350.3250
3426.2250
3500.8250
3572.0000
3642.6250
3711.3250
3780.2500
3846.9500
3914.4750
3978.9500
4044.2500
4108.6750
4171.9250
4234.6500
4296.0000
4356.1250
4414.8250
4474.2250
4532.4750
4591.1500
4647.9000
4705.0500
4760.6750
4816.6000
4871.9250
4927.4500
4981.9500
5036.1250
5088.8250
5142.0000
5195.3000
5247.2750
5299.9500
5351.7250
5402.6000
5454.1500
5504.6250
5556.7750
5607.6500
5657.9250
5707.8250
5757.5750
5806.9000
5855.4250
5904.6000
5954.4750
6002.8750
6052.3250
6101.0250
6149.2000
6197.6000
6246.0750
6293.1250
6340.1250
6388.2000
6435.6750
6482.0500
6528.0750
6575.1000
6621.9750
6667.8750
6714.7500
6760.5750
6806.2000
6852.2500
6897.3750
6943.0250
6988.5000
7033.8250
7078.4000
7123.5500
7168.6250
7213.3500
7258.4500
7303.3000
7348.2750
7392.7750
7436.6250
7480.6000
7523.9250
7568.0250
7611.7500
7655.0500
7698.9750
7741.9250
7784.6000
7827.6750
7871.1500
7913.9250
7957.1000
7999.2750
8040.9750
8085.2500
8126.1000
8168.2000
8210.8750
8251.9000
8294.5000
8336.4250
8379.0750
8421.1000
8462.5000
8504.9000
8547.3000
8589.0250
8629.5500
8671.1500
8712.0750
8753.2000
8794.6500
8835.2250
8876.2500
8916.8500
8957.6250
8997.5000
9038.6250
9080.0000
9120.0500
9159.3000
9200.0500
9239.7500
9279.4750
9320.0500
9360.4500
9400.1250
9439.1750
9478.7250
9518.4250
9558.7000
9596.8250
9636.7750
9676.5500
9716.3500
9755.4500
9794.2250
9833.2250
9873.0250
9912.1250
9951.6250
9990.4250
10030.3250
10068.6000
10106.8000
10145.4500
10185.2250
10223.8500
10262.4250
10300.5000
10339.3000
10376.4250
10415.8000
10452.7500
10492.2750
10529.2250
10568.4250
10607.0750
10643.8250
10681.2500
10719.5750
10757.1000
10796.2000
10833.3500
10870.3000
10908.5500
10945.8000
10983.2750
11020.1000
11058.3250
11096.2750
11133.2750
11170.9000
11210.0750
11247.6750
11284.9250
11322.4500
11361.0500
11400.0000
11436.5500
11474.9750
11512.6250
11550.7250
11588.3000
11627.7750
11667.3500
11705.6500
11743.5750
11782.4750
11820.9250
11859.5000
11898.4000
11937.7000
11977.1000
12015.3250
12055.6250
12094.6250
12134.8500
12173.8500
12212.9750
12253.2500
12292.7500
12332.4750
12371.3000
12411.6250
12452.0000
12491.1750
12531.7250
12571.1250
12611.3000
12651.8750
12691.4000
12732.0250
12773.0500
12813.1250
12853.2000
12893.4500
12935.1750
12975.5500
13016.9250
13057.9500
13099.2000
13139.7000
13181.5500
13223.6750
13264.6000
13306.3000
13347.4500
13389.2500
13431.5250
13473.1250
13515.0000
13556.6500
13598.1500
13641.2000
13683.2250
13726.0750
13768.1500
13809.9500
13852.4250
13896.3250
13938.4750
13981.6500
14024.5500
14068.8500
14110.5750
14155.1250
14198.2000
14242.6750
14286.5000
14330.1250
14373.6750
14417.0750
14461.9500
14505.6250
14550.1000
14595.0000
14639.2500
14683.2250
14729.2000
14773.0250
14817.5750
14863.7500
14908.9250
14954.9750
15000.6000
15046.4500
15092.4000
15137.5500
15184.2750
15231.3250
15277.4500
15324.1000
15371.2000
15418.8250
15465.6250
15513.0000
15561.0500
15609.0750
15657.3250
15705.2250
15753.3000
15801.9000
15850.1250
15899.3750
15948.5000
15997.0500
16047.0750
16096.9250
16146.4250
16195.8250
16246.2500
16298.0750
16348.9250
16400.5000
16451.7750
16503.6250
16556.1250
16608.1750
16660.4750
16713.4000
16766.1250
16820.0000
16874.6000
16929.0250
16983.1000
17037.8000
17093.3250
17149.5750
17205.7000
17261.7250
17318.4000
17374.9750
17432.5000
17490.6000
17549.1250
17608.5250
17668.7500
17728.2500
17788.9500
17850.7500
17913.3750
17975.6750
18041.5250
18106.1500
18171.8750
18239.4750
18308.3250
18377.0000
18448.4500
18520.5750
18593.4750
18667.6750
18742.6750
18820.4000
18898.3000
18978.7000
19059.8250
19143.3500
19226.5000
19312.9250
19400.5750
19490.9500
19583.2750
19678.9750
19776.7000
19879.0000
19991.4750
20118.5500

