4259.3000
4351.5000
4434.9500
4512.7750
4590.4250
4666.6500
4742.4000
4818.1750
4888.9750
4962.4750
5032.7500
5101.6250
5171.6000
5238.7000
5306.1000
5372.3000
5436.7250
5501.1000
5564.3250
5628.2250
5691.1750
5751.9000
5812.1000
5871.4250
5930.7500
5989.1000
6047.7750
6105.3000
6164.0250
6220.8750
6278.5500
6334.9500
6391.3000
6448.0500
6504.4500
6559.8500
6614.4500
6669.3500
6724.3250
6778.5750
6833.1000
6886.5000
6940.8500
6993.9250
7048.1000
7100.7750
7152.3750
7203.9250
7255.5500
7307.9250
7360.2000
7410.3500
7462.5750
7513.5250
7565.0250
7614.6000
7665.2250
7715.3250
7764.8500
7814.6500
7864.7250
7914.7000
7963.1000
8012.1000
8061.4000
8110.4000
8158.2500
8206.3750
8254.9000
8303.0000
8350.4250
8398.1500
8446.6000
8494.1500
8542.2250
8589.5500
8636.5000
8683.7750
8730.5750
8776.2250
8823.9250
8870.3250
8917.7750
8963.2500
9010.1500
9055.8500
9101.2250
9146.4250
9192.0500
9237.4500
9282.7750
9328.0750
9373.6500
9418.9000
9462.9750
9508.8500
9552.8500
9598.0250
9642.9750
9687.3000
9731.1250
9775.4750
9820.8250
9864.1000
9908.6000
9952.5250
9997.0500
10040.3750
10084.0000
10127.5750
10170.5500
10213.9250
10256.3500
10298.9750
10342.1000
10386.2000
10429.7000
10471.8750
10513.8250
10557.0000
10598.7250
10640.8500
10683.2500
10726.4000
10767.8750
10810.1500
10852.4250
10893.8500
10935.7750
10977.8500
11019.8000
11061.5000
11103.5000
11145.1500
11188.1500
11230.9500
11272.6500
11314.9750
11358.0750
11399.9000
11443.5500
11486.4250
11529.9000
11573.3000
11616.7750
11659.8500
11703.1250
11746.7500
11791.1500
11834.7250
11878.6000
11921.9000
11966.4500
12011.2250
12055.5000
12100.4250
12144.8750
12190.1000
12234.5750
12279.1250
12324.0500
12370.1500
12415.1750
12460.2000
12505.8750
12551.8500
12598.0500
12643.8000
12689.9750
12735.9250
12782.9750
12828.5000
12875.5250
12922.5750
12968.7500
13016.8750
13063.8250
13112.2500
13159.8750
13207.1000
13255.6250
13303.3500
13351.7500
13400.4500
13449.3750
13497.8000
13545.5750
13594.5000
13643.9500
13694.0000
13743.1000
13792.9750
13843.3500
13893.5500
13944.9000
13994.6500
14045.5500
14097.7750
14148.9500
14200.2500
14252.8750
14304.6500
14357.6000
14409.2500
14462.5750
14515.1750
14568.6500
14622.4000
14676.0500
14729.1750
14784.8750
14839.2250
14895.1250
14949.2250
15005.9500
15061.0500
15118.4500
15175.5000
15233.0500
15290.5750
15348.9250
15406.4000
15466.5250
15526.2250
15585.1500
15646.0000
15706.3750
15767.2500
15829.8250
15891.3000
15955.5250
16019.0750
16082.4000
16147.0000
16212.0000
16279.4000
16346.8000
16416.3250
16486.1250
16555.3750
16628.1000
16700.6250
16774.8750
16849.4250
16927.3250
17005.5000
17085.3000
17167.5000
17253.9750
17343.3750
17434.5000
17525.2750
17622.5750
17720.3250
17822.9750
17928.0000
18044.7750
18175.8500
18319.1750
18473.6500
18676.0000
18964.4750

