4082.6000
4176.1250
4259.9000
4338.2000
4414.4750
4490.4250
4564.6750
4637.5250
4709.7250
4781.4250
4852.1500
4921.1750
4990.7500
5058.1500
5124.6250
5189.5000
5255.6250
5318.8750
5381.6500
5443.2250
5504.8250
5564.9500
5625.6250
5684.5250
5744.2750
5802.7250
5861.2500
5918.7750
5977.4500
6034.6750
6091.9500
6146.8750
6203.2500
6258.7500
6314.5250
6370.2000
6424.1250
6478.7750
6532.2500
6586.4750
6639.8500
6693.8000
6746.3250
6800.3500
6851.8500
6904.6750
6957.3500
7009.4500
7061.1000
7112.9000
7163.6500
7214.5750
7265.2500
7316.3250
7366.3000
7416.6750
7466.9500
7515.7500
7565.3250
7615.4750
7664.3500
7713.3250
7761.9000
7810.5750
7859.1000
7907.8500
7955.7750
8004.4750
8052.6250
8100.1500
8147.8500
8194.6250
8242.8500
8289.8500
8336.5000
8383.6000
8430.2750
8477.2500
8524.6750
8571.0000
8616.7000
8663.2250
8709.5500
8755.2000
8800.5500
8847.8250
8892.3250
8938.3750
8982.9500
9028.4000
9072.6750
9117.6500
9162.4250
9207.4250
9251.4750
9296.2250
9340.9500
9385.8000
9428.8750
9472.5000
9516.8250
9560.6250
9603.4750
9648.2250
9691.7750
9735.9250
9779.1750
9823.3500
9867.8250
9911.7250
9953.7250
9997.2000
10039.5000
10082.2250
10125.3750
10168.2500
10211.3000
10254.2750
10296.7000
10338.7750
10380.9500
10423.4250
10466.1500
10508.2750
10550.7500
10592.4000
10634.6250
10676.7000
10718.5500
10759.6750
10802.0750
10843.1000
10884.9500
10926.0250
10968.4250
11009.2500
11051.6750
11092.4250
11135.3000
11175.7000
11217.1500
11258.4250
11300.1500
11342.1250
11383.1750
11425.7250
11467.8500
11511.6750
11553.0250
11596.3750
11639.0250
11681.9750
11726.1750
11769.1750
11810.8750
11855.4500
11898.4000
11940.8250
11984.9750
12028.8000
12071.8000
12115.9750
12160.7500
12203.7250
12246.5000
12291.2500
12335.1500
12378.9250
12423.3750
12468.8500
12512.6250
12558.8000
12604.1250
12648.7000
12694.7000
12739.7500
12784.8750
12830.7000
12875.3500
12922.0000
12968.3000
13013.7250
13060.6250
13106.1500
13152.7250
13199.8000
13246.2500
13294.2250
13340.3250
13387.5500
13435.2750
13482.3000
13531.1250
13578.7250
13627.1250
13675.3250
13722.5750
13771.0500
13819.9250
13868.4250
13917.4000
13967.3750
14016.2000
14065.5750
14115.7750
14165.5500
14216.5750
14266.9500
14317.5000
14367.9500
14418.3750
14470.9750
14522.2250
14574.1000
14626.1000
14678.7000
14731.1750
14783.6000
14835.6250
14889.1250
14942.7500
14995.9000
15051.0250
15105.2500
15160.0000
15214.1500
15269.2750
15325.2000
15380.5750
15436.8000
15494.8250
15552.6750
15611.1000
15669.0500
15726.8500
15784.8000
15844.8250
15904.7500
15965.8250
16026.2000
16087.6500
16149.6250
16212.3000
16275.2250
16339.5250
16404.5250
16469.4000
16535.6500
16601.0500
16669.2750
16739.0500
16808.5000
16879.2750
16951.5500
17026.7500
17102.9750
17178.4000
17256.4500
17335.8750
17417.9750
17504.2750
17589.2750
17676.8500
17767.5000
17859.2500
17958.1000
18061.6000
18167.7500
18280.4500
18396.8000
18521.4250
18662.4250
18834.4500
19066.1750
19423.8500

