1867.6750
2055.8250
2214.7500
2361.3500
2492.5250
2618.0000
2729.6250
2837.3000
2934.4000
3024.5000
3106.3250
3180.5250
3251.2250
3320.7750
3388.1750
3455.0000
3519.7750
3583.9500
3647.0250
3709.9750
3771.5750
3831.8750
3892.1250
3951.6000
4009.1000
4066.0500
4122.9250
4179.8250
4234.9750
4290.8500
4345.7750
4399.1750
4451.6000
4506.0500
4559.5250
4610.6250
4662.9250
4715.2750
4765.3500
4815.9750
4867.8000
4918.3500
4968.2750
5018.2500
5068.8750
5119.2250
5168.3250
5217.1000
5265.9250
5314.8250
5362.7000
5410.7750
5459.3250
5506.0750
5553.5750
5601.6250
5649.0500
5695.4750
5742.9000
5789.5000
5835.3750
5881.4750
5927.5000
5973.9250
6019.6250
6064.8750
6110.8000
6156.2500
6201.7000
6246.9000
6291.9250
6337.2250
6382.0000
6425.5500
6471.2750
6514.9000
6558.6250
6602.8750
6646.2250
6690.1250
6733.8250
6777.2250
6821.6500
6864.7250
6907.1000
6951.1750
6993.7750
7036.4500
7079.7750
7122.8000
7164.5500
7206.7000
7249.8500
7292.3500
7333.5500
7375.8500
7417.0250
7458.9250
7500.9500
7541.9750
7583.3750
7624.2500
7667.0000
7708.1000
7749.3000
7790.2750
7830.4250
7870.9750
7911.6000
7951.7250
7992.1000
8031.5000
8072.1000
8112.2750
8152.8250
8193.2250
8232.5500
8272.3000
8313.4000
8353.1250
8393.1500
8431.9500
8472.9500
8513.4750
8552.9500
8592.0250
8630.7750
8670.7500
8709.3250
8748.5000
8787.3250
8827.0000
8865.1250
8905.0500
8942.8500
8982.2000
9020.9250
9059.0750
9097.5750
9135.6500
9174.9000
9211.9250
9250.8750
9287.7000
9326.3500
9363.9750
9402.4250
9441.1250
9480.4750
9516.9000
9555.2250
9592.6000
9630.2250
9668.5500
9706.3500
9743.2750
9781.0500
9819.0000
9855.5500
9892.1250
9929.0500
9965.9250
10002.5500
10038.9750
10076.0250
10112.5500
10149.1750
10185.7750
10222.6000
10259.3250
10295.8250
10331.0000
10368.1500
10404.0750
10440.3500
10475.4000
10513.0500
10548.7500
10585.3500
10621.2000
10656.8000
10693.7750
10730.3250
10766.2500
10801.3750
10837.8750
10873.2500
10909.1750
10945.1750
10981.1250
11017.0500
11052.6500
11087.5000
11122.8500
11158.3750
11193.5500
11230.0250
11265.4000
11302.3000
11339.0000
11374.2250
11410.9500
11447.0500
11484.0750
11521.2000
11557.6750
11595.7500
11632.1250
11668.4000
11704.8500
11742.2250
11778.9000
11814.6250
11851.9500
11889.1750
11926.2500
11963.1750
12000.1750
12037.7000
12073.5500
12110.4750
12148.6000
12186.4000
12223.5000
12261.5000
12299.5000
12337.4000
12375.7000
12412.7250
12450.3250
12488.5500
12526.3000
12565.0250
12604.3500
12642.4000
12680.6750
12718.8750
12757.1000
12796.6750
12835.0500
12873.0500
12912.9000
12951.8000
12991.1500
13029.3000
13068.1250
13107.1750
13145.7750
13184.6250
13223.3750
13262.9000
13303.1000
13341.6000
13381.3000
13420.8750
13460.7500
13501.7500
13540.9250
13580.8500
13620.8250
13659.7500
13699.2000
13739.6500
13780.1250
13820.4750
13861.8500
13902.1500
13942.4000
13983.6500
14024.5250
14064.6750
14106.0000
14148.4000
14188.1500
14230.6500
14271.6250
14313.6250
14354.7250
14397.4500
14438.5500
14480.7000
14522.4750
14565.1250
14606.3750
14648.8750
14691.3500
14733.2250
14775.6500
14817.2250
14860.5250
14904.0750
14947.3750
14989.4250
15032.7000
15075.4250
15119.6750
15163.5000
15207.3250
15251.4500
15295.7750
15340.4000
15384.0500
15427.7000
15472.4250
15517.4000
15561.2500
15605.9500
15650.7500
15695.7250
15741.4250
15787.5500
15832.1750
15878.6000
15923.9750
15970.3250
16016.2250
16063.3500
16109.8750
16156.7000
16203.5250
16251.1250
16297.8750
16345.8500
16393.4500
16441.4000
16489.8000
16537.5000
16585.0250
16634.3000
16683.6750
16731.9000
16781.8000
16830.6250
16880.9750
16930.8500
16980.5500
17031.2750
17082.0500
17131.6750
17183.5750
17235.7000
17287.0000
17339.5250
17391.7250
17444.3750
17497.3250
17550.1750
17604.3000
17658.0750
17713.3000
17768.3500
17822.7250
17877.7750
17933.8250
17989.9750
18047.0250
18104.3750
18161.9500
18220.3500
18280.3250
18339.6250
18400.8250
18462.7500
18524.7750
18587.4250
18651.8750
18717.1000
18783.3000
18851.4750
18920.0250
18989.6500
19062.0000
19135.0250
19208.6250
19283.6500
19359.9250
19437.9000
19517.4750
19598.3250
19679.5750
19763.4250
19847.8500
19935.0500
20024.4000
20116.0250
20210.9500
20310.2250
20420.1250
20556.2500

