4473.5250
4559.2250
4640.7750
4717.7250
4795.0000
4870.7000
4944.2500
5019.1750
5090.9250
5162.5500
5233.6500
5302.1250
5371.4750
5438.0500
5506.1750
5572.2000
5637.7250
5701.5500
5765.3500
5827.2250
5890.6000
5952.3000
6013.5750
6072.5250
6131.4500
6191.4500
6249.7250
6308.5750
6366.6750
6424.9750
6482.5250
6539.4000
6596.1500
6652.1500
6709.6500
6765.3000
6819.4500
6876.7000
6931.5750
6986.6750
7040.8000
7095.4750
7149.0750
7201.6250
7255.6250
7309.1500
7361.6500
7414.3000
7465.6250
7518.4750
7569.9750
7622.5750
7673.0250
7724.7750
7776.1750
7827.6250
7877.3250
7928.7250
7979.6250
8029.7250
8079.1250
8129.0500
8179.4500
8227.7500
8276.6500
8326.8500
8375.0000
8423.6000
8472.2500
8521.7500
8570.2750
8617.0500
8665.8000
8713.6000
8761.5750
8808.2250
8856.7250
8903.4000
8951.0750
8997.5250
9044.1250
9090.3500
9137.2500
9182.7000
9229.7750
9275.4750
9321.8500
9366.4500
9412.6250
9459.2500
9505.7250
9551.2000
9596.7750
9641.0250
9686.9250
9732.0000
9776.0250
9820.1500
9865.7500
9910.2250
9954.1000
9998.0500
10043.0000
10087.0500
10130.5000
10174.5750
10218.5000
10262.5250
10306.6750
10349.9250
10393.5000
10438.0250
10480.3500
10524.1500
10567.6000
10611.1500
10654.2500
10697.1250
10740.0250
10783.3750
10825.9250
10868.8500
10910.9750
10953.2250
10996.3750
11037.8750
11080.6750
11123.6000
11166.3000
11209.4500
11252.6750
11295.4500
11338.9250
11382.2000
11426.0250
11469.4750
11512.9750
11556.4750
11600.7000
11644.9500
11689.8000
11733.7000
11778.7000
11822.1000
11866.2750
11912.0000
11956.1000
12000.9500
12046.2250
12090.8250
12135.9750
12181.5000
12226.8000
12273.9000
12319.6500
12365.1500
12411.7500
12458.8500
12506.0000
12551.1500
12598.2500
12646.4000
12693.1500
12740.8250
12788.6500
12836.9250
12884.3250
12932.8250
12980.4500
13028.7000
13077.8250
13126.9250
13176.6000
13224.8500
13274.2750
13324.0500
13374.0750
13423.7250
13474.0750
13523.8500
13574.6000
13625.7750
13676.6000
13727.9250
13779.3500
13830.1750
13882.2000
13934.7000
13986.0250
14037.8000
14091.3750
14143.8250
14197.6000
14251.0750
14304.4250
14358.2750
14413.3500
14468.1750
14523.4250
14578.6750
14634.2500
14690.8250
14746.7000
14803.6500
14859.1500
14915.6750
14973.3250
15032.1750
15090.1000
15149.6250
15209.8500
15269.0500
15330.1750
15391.0500
15450.9250
15514.1250
15576.6500
15641.2500
15703.8750
15767.7500
15832.6250
15898.8250
15965.5000
16032.9000
16100.6750
16169.4500
16241.5250
16313.7750
16387.9250
16463.2000
16537.9250
16615.9500
16692.5250
16773.4500
16857.2750
16942.9000
17030.1500
17120.6500
17214.6250
17311.0250
17414.3500
17517.9000
17630.7750
17751.8500
17882.3000
18021.9250
18205.6250
18434.4000

