3462.2500
3572.2500
3666.1000
3749.3000
3828.3250
3905.4750
3980.9000
4053.8000
4127.5250
4200.9500
4273.3500
4343.9250
4412.5250
4482.1250
4551.0250
4618.1000
4683.8750
4749.5500
4814.5250
4878.9000
4941.4250
5003.0000
5064.2500
5125.3000
5184.6750
5243.9750
5303.5000
5361.6250
5419.0500
5476.2750
5532.8000
5589.2000
5644.8000
5699.8750
5755.2750
5810.4500
5864.4750
5918.7000
5971.6000
6025.2500
6077.3750
6129.6500
6182.6500
6234.8000
6286.2250
6338.4250
6389.2250
6441.0750
6492.0500
6542.6000
6592.5500
6643.7250
6693.2000
6743.5250
6794.1750
6843.0000
6892.4500
6941.5000
6990.0500
7039.1000
7087.8750
7136.3750
7184.7500
7232.2500
7281.1500
7328.1750
7375.5250
7422.9000
7469.9000
7516.6750
7564.0000
7611.0250
7657.6500
7703.6250
7750.5750
7796.2000
7842.8500
7887.8250
7934.0000
7979.1000
8025.5500
8070.5750
8115.4250
8160.6250
8206.0500
8251.4750
8295.3500
8339.9500
8384.9500
8429.6250
8472.6500
8517.7000
8562.1750
8606.0750
8649.3000
8694.2000
8737.8500
8781.4000
8824.7000
8869.3000
8912.5000
8956.1250
8999.8500
9043.0250
9084.9750
9128.4250
9171.8250
9214.3500
9257.3500
9299.9750
9341.9750
9385.4250
9427.1250
9470.1500
9512.8000
9555.3500
9597.8000
9639.4250
9681.5000
9723.4500
9765.2500
9806.8250
9848.2000
9889.3250
9930.7250
9972.0250
10013.3000
10054.4250
10096.6000
10137.4000
10179.2250
10220.7750
10261.2750
10302.2000
10342.5250
10382.8250
10423.6250
10462.6250
10504.0250
10544.7000
10584.8000
10625.9500
10665.3500
10705.8000
10745.8000
10786.7250
10827.4000
10866.2750
10905.8500
10945.9250
10986.0750
11025.9750
11066.5250
11105.4000
11145.0000
11185.6750
11225.1750
11265.6250
11306.1500
11346.1000
11387.2000
11427.2750
11467.6750
11508.5500
11549.8500
11590.8000
11632.4500
11673.6250
11714.5500
11756.0750
11797.3000
11838.4500
11879.9500
11922.1250
11962.2500
12003.8500
12045.6000
12088.3250
12130.2000
12171.6000
12214.2250
12255.3000
12298.8000
12340.7000
12383.7250
12426.0750
12467.9500
12510.9750
12553.0250
12595.4000
12638.6750
12682.0750
12725.4250
12768.5250
12811.7750
12855.4500
12899.4000
12942.3250
12985.4500
13029.6500
13073.3500
13118.2500
13162.1500
13207.1000
13251.1000
13295.9500
13340.9000
13384.2000
13429.4250
13474.6500
13519.8750
13564.9500
13609.7000
13655.1250
13700.0250
13745.6750
13792.2250
13838.1250
13883.7750
13929.7500
13975.5500
14021.9000
14068.4500
14115.8250
14163.2500
14209.7500
14257.0000
14304.3000
14352.1750
14399.0750
14448.0250
14495.8000
14543.3500
14591.3000
14639.9000
14688.5500
14737.2750
14786.9250
14835.5250
14885.5250
14935.0750
14985.6250
15035.1250
15085.5000
15135.9750
15187.6500
15237.8000
15290.0750
15340.8750
15392.6000
15443.9000
15495.8250
15548.7250
15601.2500
15654.6250
15707.0250
15761.2250
15814.2750
15868.6750
15922.8500
15977.2500
16033.0750
16088.4000
16145.0000
16200.7000
16257.7000
16315.0000
16372.6250
16429.9250
16487.3250
16546.9000
16606.4750
16666.1750
16726.5500
16787.4500
16848.6000
16910.7500
16972.3000
17035.3500
17098.8000
17163.5000
17228.5000
17295.9000
17363.2750
17432.5750
17501.2750
17571.9250
17644.1000
17717.7500
17792.2000
17868.5750
17946.0500
18026.1500
18107.8250
18189.7000
18272.5500
18359.3500
18448.2000
18538.8750
18632.3750
18729.0500
18829.1500
18934.4500
19041.8250
19156.1500
19285.7250
19426.2500
19608.8250

