3271.9500
3399.4000
3502.2750
3588.7750
3669.1500
3746.9750
3822.6500
3897.5000
3971.1250
4043.8250
4115.7000
4186.1750
4257.0500
4325.9000
4394.9500
4462.2500
4528.7750
4594.2250
4659.0500
4721.9500
4784.7000
4846.9500
4908.0000
4967.8750
5027.0500
5085.2000
5143.0500
5200.8250
5258.5750
5315.3750
5371.6000
5427.6750
5483.9250
5538.6250
5593.8750
5647.7250
5700.9750
5755.9250
5809.1750
5862.0250
5914.6250
5967.5500
6019.3250
6071.5250
6122.5000
6174.0500
6225.7000
6277.2500
6326.6250
6377.2750
6427.9250
6477.4000
6527.2750
6577.5750
6627.5250
6676.5750
6725.9500
6775.0750
6824.6500
6873.0500
6921.0250
6968.8250
7017.3500
7064.3250
7111.9750
7158.9750
7207.0000
7254.4750
7301.7750
7349.6750
7396.4000
7443.0750
7488.8000
7534.7750
7580.4750
7627.4500
7673.7750
7718.8250
7765.0500
7811.3750
7856.0500
7901.3500
7946.6500
7992.1000
8037.1000
8081.9000
8127.2250
8171.8250
8216.2250
8261.5250
8305.9500
8349.8500
8393.1750
8436.9250
8480.9750
8524.1750
8567.5750
8611.2500
8654.6500
8698.1000
8740.8750
8784.5250
8827.5750
8870.5000
8913.3500
8956.4500
8999.7750
9043.3750
9085.5500
9127.6750
9169.8750
9213.2750
9254.2500
9296.5500
9338.6250
9380.3750
9422.6750
9464.1750
9505.0250
9546.7500
9587.9250
9629.7250
9671.5250
9712.7250
9754.5500
9796.2750
9836.6750
9878.3250
9918.9000
9959.3250
10000.0000
10042.0250
10082.6000
10122.8500
10163.4750
10204.6500
10246.2500
10286.6500
10326.3500
10366.6500
10407.9750
10448.6750
10487.4500
10527.0500
10567.2250
10607.6250
10646.9250
10686.6500
10726.7250
10766.1500
10805.9000
10845.5000
10884.9000
10924.0500
10963.5000
11002.7000
11042.2500
11081.6500
11120.5250
11160.1000
11199.4500
11238.7500
11278.2500
11319.1500
11359.1750
11399.6500
11439.6000
11479.8500
11520.6000
11560.9500
11602.4000
11643.1500
11682.9250
11724.3500
11763.6250
11805.1500
11846.6000
11888.1250
11927.9750
11968.6250
12009.9750
12051.5000
12091.5500
12133.9000
12174.9000
12215.9500
12258.5250
12299.2000
12340.0250
12381.9750
12424.5500
12466.8750
12507.6750
12550.3250
12593.3000
12635.0000
12676.8750
12719.5000
12761.5500
12804.4250
12847.6000
12890.6750
12933.1500
12976.9500
13020.3000
13064.2000
13106.4000
13150.2750
13192.6750
13237.1500
13280.9000
13324.5500
13368.4250
13412.3000
13457.2000
13501.8000
13545.9500
13590.4750
13634.6500
13680.6500
13725.8500
13770.8250
13816.0000
13861.6250
13906.4000
13952.1500
13997.3500
14042.8000
14089.2000
14135.1250
14180.6250
14226.5000
14273.8250
14320.0500
14367.3750
14414.0000
14461.2500
14508.6750
14555.2000
14602.9750
14650.8500
14699.0000
14746.7750
14794.5000
14843.3000
14890.7250
14939.8750
14988.4750
15037.9250
15085.9750
15135.4750
15185.4000
15235.5250
15284.8000
15335.5750
15385.5000
15436.8750
15487.4500
15537.9500
15588.8750
15640.9250
15692.9000
15744.8250
15797.4250
15849.3250
15903.1250
15955.8250
16010.0000
16063.7250
16117.6750
16172.6750
16227.7500
16283.2000
16338.4000
16394.4000
16450.3500
16505.5250
16562.8500
16619.9750
16678.3250
16735.5750
16794.5250
16854.3500
16915.0500
16975.4000
17035.8250
17096.9500
17160.0250
17221.8750
17284.9000
17350.6500
17415.9500
17482.8750
17550.3250
17617.5500
17687.1250
17757.5500
17830.6250
17902.7000
17977.6750
18053.2000
18131.4750
18209.3250
18289.0500
18369.4000
18454.4750
18539.4000
18627.2750
18716.8750
18808.2000
18903.2750
19000.2250
19099.1750
19204.7750
19315.8750
19436.9750
19584.1500
19797.0750

