4695.2250
4779.0500
4860.1250
4940.8750
5018.1250
5094.1500
5168.9750
5243.7250
5316.2500
5388.8750
5459.2000
5527.1750
5595.9250
5664.4000
5731.1000
5796.3750
5861.9500
5926.1500
5990.5250
6054.2750
6117.9000
6181.2000
6242.1000
6303.0750
6364.8250
6425.9000
6485.2750
6543.9000
6602.9500
6660.8250
6719.8000
6776.3000
6834.2750
6890.8500
6947.0250
7003.0250
7058.9000
7114.9500
7171.6000
7226.5750
7281.8500
7337.7500
7391.8000
7446.4000
7498.7750
7553.0750
7606.1500
7659.3000
7712.0750
7763.8500
7816.8250
7868.0000
7921.1750
7973.5250
8025.0250
8076.5750
8128.5000
8179.6250
8231.4500
8281.1750
8330.7500
8382.2000
8432.3750
8482.1500
8531.3000
8580.9250
8631.5250
8681.4250
8729.2500
8778.0250
8827.1500
8875.1750
8923.2000
8971.4500
9020.1000
9068.1500
9115.6500
9162.8000
9210.9500
9258.2750
9305.8250
9353.1000
9399.6250
9446.7000
9493.3250
9539.0500
9586.4500
9633.2000
9678.7000
9724.7500
9771.3000
9816.8000
9864.2250
9909.1750
9953.9000
9999.4500
10044.8000
10089.7750
10134.8000
10180.3750
10224.4000
10269.0250
10314.5000
10357.9250
10402.6750
10447.4250
10490.6250
10534.9750
10579.3500
10623.8000
10667.3000
10710.3750
10754.0250
10798.0000
10841.3000
10884.5250
10928.6000
10970.9250
11014.7250
11058.2500
11101.9250
11145.1000
11188.1750
11232.0000
11276.7250
11320.7250
11365.0000
11409.9750
11453.6000
11499.2250
11544.1500
11589.2250
11632.9000
11678.6750
11724.2250
11769.8750
11816.6250
11862.2000
11907.6500
11953.9250
12000.7250
12046.4750
12093.7250
12140.6500
12185.6000
12231.8250
12279.9000
12326.7000
12375.2250
12423.4500
12471.9250
12519.4000
12567.1750
12615.1250
12663.7250
12712.6000
12760.1500
12809.1750
12858.0750
12907.7250
12956.7000
13005.7000
13055.3000
13105.5500
13155.8250
13206.0000
13256.3750
13306.8500
13357.3500
13409.3250
13461.1500
13513.0500
13566.0250
13618.8500
13671.5750
13723.9500
13776.6750
13829.7250
13882.9250
13937.2500
13990.3000
14045.1500
14099.2750
14155.3250
14209.8250
14264.7250
14320.6750
14377.2500
14433.6250
14491.6000
14549.1000
14606.0250
14664.7000
14723.8250
14783.1250
14841.6500
14901.7750
14962.4000
15024.0250
15084.7000
15146.5750
15208.7000
15271.5000
15335.5000
15400.5000
15467.0500
15530.5000
15599.0000
15665.7250
15733.4000
15803.8250
15873.9500
15945.8750
16018.1500
16091.3000
16167.9750
16244.3750
16323.7250
16404.7250
16488.0500
16573.9750
16658.5000
16746.7750
16836.6250
16933.0000
17034.7000
17141.8750
17252.5000
17369.5000
17497.5500
17645.6000
17812.9000
18028.6000

