4903.8250
4990.3750
5070.4250
5150.1000
5228.3000
5305.5000
5380.5750
5455.3250
5529.4000
5600.3750
5672.1500
5743.5000
5812.9000
5880.0000
5947.9250
6014.7750
6080.5000
6145.5750
6209.8250
6274.1750
6338.5750
6402.2500
6464.3500
6526.6750
6587.9250
6646.9000
6707.4000
6767.0500
6826.3250
6885.4000
6945.0500
7003.7750
7062.7750
7119.1750
7176.7500
7233.8000
7289.0500
7345.0000
7401.0000
7457.8250
7513.4000
7568.5000
7624.9500
7679.4750
7734.3250
7788.4250
7841.4000
7895.0750
7948.6000
8002.3750
8055.7250
8108.6500
8160.8000
8213.2500
8265.2000
8316.4000
8366.9750
8418.6750
8471.2750
8522.2750
8573.9000
8624.6250
8676.0000
8726.0750
8776.3250
8826.2250
8876.3750
8925.7000
8974.5500
9023.5500
9073.1250
9122.2500
9171.3000
9219.7000
9268.5000
9317.3500
9365.1250
9412.8750
9460.4500
9507.8500
9555.5250
9601.7250
9648.8250
9695.9250
9742.2250
9788.9250
9837.4500
9883.7250
9931.5250
9977.8500
10023.0250
10070.2750
10116.2750
10162.4500
10208.7750
10254.2500
10300.5750
10344.8500
10390.7250
10436.0500
10481.3000
10525.5000
10570.3250
10615.1250
10660.3750
10704.4750
10749.2000
10793.8250
10837.7250
10882.1000
10927.4000
10971.0500
11015.6500
11058.9000
11103.5250
11147.7500
11192.1250
11237.2000
11280.8250
11325.8000
11371.4250
11417.2000
11461.8500
11507.0250
11552.9000
11598.4750
11644.9500
11690.4250
11737.1000
11783.1000
11830.2250
11877.3250
11924.8000
11971.5500
12018.0500
12065.7250
12113.2750
12160.6500
12208.3250
12257.3000
12305.3250
12353.6500
12401.7000
12451.2250
12500.4750
12549.7250
12598.6500
12648.9000
12698.8250
12748.9000
12799.3750
12849.9500
12900.8000
12952.5750
13004.2250
13055.5500
13107.3000
13158.3250
13210.5000
13263.2500
13315.8000
13368.8250
13421.0250
13473.9500
13528.6000
13582.3750
13637.1000
13691.5250
13747.1750
13800.2250
13857.0250
13911.5750
13968.1000
14024.1000
14080.0250
14137.0500
14193.6500
14252.0750
14310.4000
14369.2250
14428.9000
14487.5250
14548.2500
14608.6250
14668.8750
14731.2000
14793.3750
14855.8500
14919.4500
14984.3500
15048.7500
15116.2250
15182.4500
15249.0500
15316.7250
15386.4000
15456.4250
15527.4500
15599.6000
15674.2000
15748.8750
15824.5250
15900.1750
15976.5250
16057.6000
16138.6250
16224.9750
16313.6000
16405.1500
16496.5500
16593.9000
16694.7250
16803.0500
16914.1250
17047.4250
17183.5000
17344.3250
17532.2000
17845.2750

