3077.4000
3214.7000
3325.1000
3420.3500
3504.1000
3582.7000
3658.8000
3732.6250
3805.4250
3877.9500
3949.0250
4021.3500
4090.8000
4160.1500
4227.8250
4294.7750
4361.6750
4427.2750
4491.5000
4556.1000
4618.2750
4680.4750
4741.9000
4802.7750
4862.2750
4921.4750
4979.7500
5038.0250
5095.1750
5151.9000
5208.0500
5264.3500
5320.2000
5375.0000
5429.2500
5482.9250
5537.1000
5590.9250
5644.2250
5697.0000
5749.4250
5801.7250
5853.9750
5905.6500
5957.5000
6009.4500
6059.9750
6110.7250
6161.3000
6211.8500
6262.7500
6311.9500
6361.8500
6411.2500
6460.3500
6509.7750
6558.5750
6606.0750
6655.0250
6703.0750
6751.9000
6799.9750
6847.8500
6895.4250
6941.8000
6989.3250
7036.7250
7084.5250
7130.6500
7177.3500
7224.3750
7270.0500
7316.3750
7363.0500
7408.9750
7454.5750
7500.0000
7545.6500
7592.2750
7638.0750
7683.2000
7727.7500
7773.1500
7818.2500
7862.6750
7906.9250
7951.6250
7996.0500
8040.4000
8084.9250
8129.7750
8173.8750
8217.3750
8261.2250
8305.0500
8348.2000
8392.3750
8435.9500
8480.2000
8522.9750
8565.5750
8608.7250
8651.3750
8695.0000
8738.3000
8780.8500
8824.3000
8865.6000
8908.8250
8950.4750
8993.4250
9035.3750
9077.6000
9120.5500
9162.0250
9202.7000
9245.0000
9286.9750
9328.1000
9370.4750
9411.3750
9452.0500
9494.0750
9535.7000
9576.4500
9617.0000
9658.6250
9698.8750
9739.9750
9779.4250
9820.4000
9860.8000
9900.4500
9941.9500
9981.4750
10022.2750
10062.2250
10103.1250
10143.2750
10183.1500
10223.0750
10263.5250
10303.3000
10342.6000
10381.1250
10421.2000
10460.3500
10499.5250
10539.2500
10578.5000
10618.4750
10657.9500
10697.5500
10735.9500
10775.2500
10813.0250
10852.6250
10891.0250
10929.9500
10969.8500
11008.8250
11047.8750
11087.0000
11126.4000
11163.7750
11202.7750
11240.6500
11280.0500
11319.8500
11358.6000
11397.6250
11437.7750
11477.5000
11517.2250
11557.8500
11597.3000
11637.0250
11676.7000
11717.9250
11757.4500
11798.7750
11838.2250
11878.3750
11918.3750
11958.9250
11998.6000
12039.5250
12080.9750
12121.7750
12161.6250
12203.5250
12245.2500
12286.8000
12327.5000
12369.4750
12410.9750
12450.9750
12492.9500
12533.0500
12574.9000
12616.7500
12658.2500
12700.6750
12742.2250
12785.0500
12826.6500
12869.1500
12911.8500
12953.9500
12996.4000
13039.0750
13080.4500
13123.4750
13167.0750
13209.4500
13252.3500
13294.6250
13337.8500
13381.8250
13425.4000
13469.5000
13512.7750
13557.9000
13601.6500
13645.6750
13690.0000
13733.2750
13778.2500
13822.5250
13867.5000
13912.9250
13957.2500
14002.5000
14046.7250
14091.8000
14137.8750
14183.2250
14228.8000
14273.5750
14320.2750
14367.2250
14412.5500
14459.7750
14505.8250
14553.9750
14600.1000
14646.9000
14693.3500
14740.8750
14788.5250
14836.1500
14883.5500
14931.4000
14979.0500
15027.4250
15074.9250
15123.2500
15171.7250
15221.2750
15269.9750
15319.6750
15368.6750
15418.8000
15468.5750
15518.6750
15568.8250
15619.3250
15670.7500
15721.7000
15772.9250
15824.5000
15875.7000
15928.3250
15980.1250
16033.2000
16084.7000
16137.9250
16190.8500
16243.9250
16298.0750
16351.5250
16406.0250
16460.7750
16516.0500
16571.9500
16627.7500
16685.1500
16741.3000
16799.2750
16856.7250
16914.8000
16973.7500
17032.9750
17092.8500
17152.1750
17212.9000
17274.8250
17337.3500
17400.3500
17463.2000
17526.6500
17593.0750
17659.4750
17725.2500
17793.5500
17863.7250
17933.9000
18005.8000
18078.8500
18153.3750
18228.0000
18305.1250
18382.3750
18460.8500
18543.0750
18625.7250
18710.0750
18796.8500
18884.7500
18975.2250
19068.5000
19163.0000
19263.5500
19367.4750
19477.1750
19593.5750
19730.7750
20043.0500

