2024.3000
2202.0750
2364.4250
2504.7250
2634.8500
2754.9250
2865.8250
2967.8500
3059.0750
3142.6000
3219.6500
3291.2500
3361.5750
3429.9000
3497.3250
3563.1000
3627.9500
3692.9500
3756.8000
3818.2000
3879.7500
3940.7000
4000.7250
4060.5500
4119.0250
4177.1250
4234.0750
4290.2750
4346.3500
4401.2750
4455.9750
4510.4750
4564.7500
4618.3250
4670.8500
4723.2250
4775.3500
4827.2750
4878.9750
4931.4000
4983.0250
5032.0250
5082.5500
5133.1750
5183.9250
5233.4250
5283.4750
5332.9750
5381.5500
5430.4750
5479.6250
5528.6500
5577.7750
5625.6750
5673.6500
5721.6250
5767.7750
5815.0250
5862.7000
5910.3250
5957.5750
6004.1250
6049.8000
6096.8250
6142.6500
6188.3000
6234.9250
6279.9750
6325.8000
6370.3500
6415.2500
6461.2250
6505.7750
6550.4000
6594.4750
6639.5750
6684.2750
6726.7750
6771.0750
6815.1250
6859.4250
6902.4500
6946.6000
6990.5000
7033.4500
7076.3250
7119.5000
7163.0750
7205.5250
7248.7250
7291.4000
7334.7250
7377.2000
7419.2250
7461.8000
7505.0750
7547.1000
7588.6750
7630.5500
7671.8000
7713.3250
7755.3250
7797.0000
7837.9750
7879.1750
7921.0750
7962.0250
8002.3250
8043.8250
8084.7500
8126.2250
8167.1000
8207.9250
8248.5250
8288.7500
8329.1500
8369.4750
8410.0250
8449.8500
8490.6750
8529.9750
8569.5750
8609.2000
8650.8500
8690.0500
8729.8250
8769.6750
8807.9750
8847.7250
8886.6500
8925.5500
8965.0000
9005.3000
9043.6500
9082.8000
9122.1500
9160.5500
9198.6750
9236.7750
9275.1000
9314.3500
9352.4500
9391.9250
9430.2250
9467.5000
9506.7250
9544.7500
9583.0250
9621.5250
9659.6500
9699.3500
9736.6000
9774.6500
9811.4750
9849.4250
9887.2250
9924.1000
9963.0500
9999.4750
10037.8750
10074.1500
10112.5250
10150.4000
10187.5750
10224.2250
10261.4750
10298.8750
10334.8250
10370.1250
10407.3750
10444.8500
10481.8500
10518.6750
10555.1750
10592.2750
10628.4750
10665.7000
10701.7750
10737.7750
10775.0000
10811.4500
10846.3500
10883.6500
10919.5250
10955.7750
10991.2750
11028.5000
11064.7250
11100.8500
11136.6750
11172.4000
11209.3500
11245.2250
11282.2000
11319.0750
11356.3250
11393.5750
11429.1000
11466.8500
11503.0000
11539.3000
11578.5250
11614.9000
11651.6500
11689.7250
11726.0000
11763.3250
11800.4250
11835.7500
11874.4750
11911.7750
11949.4500
11986.5500
12025.1500
12062.2500
12099.7250
12137.6000
12176.0000
12213.1500
12250.8000
12289.1500
12326.4750
12364.9250
12404.0250
12442.6250
12481.1750
12519.0250
12556.9500
12595.5000
12633.8750
12673.2000
12711.0750
12750.5750
12791.0250
12830.1750
12868.5750
12907.7500
12946.4750
12984.7250
13024.5500
13063.8000
13105.1000
13145.1000
13184.5250
13224.4000
13263.9500
13304.1000
13344.4500
13384.5250
13424.8500
13465.7500
13505.8500
13546.3250
13586.7750
13627.8500
13668.7750
13708.6250
13749.7250
13791.2000
13831.7500
13872.6250
13913.5500
13955.6750
13996.1250
14037.8750
14079.5250
14120.2500
14161.8500
14204.0500
14245.2000
14288.0750
14330.0750
14372.4500
14414.9250
14457.8500
14499.8250
14542.4250
14584.6500
14628.4750
14670.6250
14713.5500
14756.8500
14800.6000
14843.8500
14886.7250
14930.6250
14974.1250
15017.8250
15061.7500
15105.3500
15150.9250
15193.8500
15238.7500
15282.2000
15326.8250
15371.4000
15415.6250
15461.8500
15506.7250
15551.2500
15597.4250
15642.8500
15688.7750
15734.9000
15780.3000
15826.6250
15873.4000
15920.5500
15967.3250
16014.0250
16060.8500
16107.6500
16155.1750
16202.9000
16250.5000
16298.3000
16347.3500
16395.0500
16443.7250
16492.6000
16541.8750
16591.7750
16640.8500
16690.4500
16739.9250
16790.0500
16840.8750
16891.8750
16943.0750
16994.3750
17045.7000
17098.0250
17149.9000
17202.2500
17254.9000
17307.9500
17362.1500
17416.3750
17469.1500
17524.4500
17579.5250
17634.4250
17689.4500
17745.3750
17802.3000
17858.1750
17916.2500
17973.3250
18032.2000
18091.1750
18150.4750
18210.5750
18272.1250
18333.4250
18396.0750
18458.8750
18523.3500
18588.1500
18654.5500
18722.8250
18791.5250
18861.7500
18932.6750
19005.0750
19077.8750
19154.7000
19231.8500
19310.4250
19389.1750
19470.1500
19552.2500
19636.7750
19722.0750
19810.0250
19899.0500
19990.0750
20084.1000
20183.4500
20289.7750
20411.4250

