5574.8000
5664.6500
5752.1750
5837.8000
5922.5000
6004.4250
6086.1500
6166.1500
6242.3500
6320.4250
6398.0000
6471.0750
6546.9500
6619.8500
6694.1500
6765.8750
6837.7250
6906.1500
6975.9250
7044.4500
7114.2750
7183.1500
7251.0000
7317.1500
7382.6750
7449.4250
7513.6750
7577.8000
7643.2750
7708.0000
7769.6250
7832.1000
7893.0500
7956.2750
8016.1000
8076.1500
8136.0750
8196.3500
8254.7000
8314.6750
8373.1250
8431.9500
8489.8500
8550.0750
8607.3750
8665.0250
8721.7250
8778.2000
8833.4500
8887.3000
8944.0250
8998.8000
9055.4750
9110.1000
9164.9750
9218.8250
9272.9500
9325.7250
9378.9000
9431.9750
9486.1000
9537.4000
9589.0750
9640.7500
9693.4750
9746.4500
9797.2750
9848.7000
9899.5000
9951.0500
10002.6500
10052.5750
10103.7000
10153.2750
10201.9500
10251.8750
10302.2250
10351.7750
10401.7000
10450.3250
10499.5250
10548.7250
10597.6000
10647.0750
10694.2250
10742.2750
10790.2750
10838.8500
10885.8000
10934.6500
10981.4000
11028.2500
11077.2000
11124.7250
11174.0250
11221.6250
11270.7500
11319.4500
11368.3000
11416.2750
11465.7250
11515.9250
11567.4000
11617.5500
11668.2000
11720.3500
11770.6250
11822.4250
11874.6500
11926.3500
11978.7000
12030.8250
12084.4250
12138.5250
12192.7250
12248.0500
12301.9500
12355.7000
12411.7750
12465.8750
12522.9500
12579.4750
12634.4750
12691.2250
12748.3750
12806.6000
12863.5500
12921.1750
12982.3000
13041.3250
13100.4250
13160.6500
13221.1250
13282.5000
13342.0500
13405.4250
13466.7250
13529.9000
13594.1500
13658.4250
13725.1750
13791.8000
13858.0750
13927.1250
13994.0250
14066.1250
14136.6250
14208.7500
14283.5250
14356.4500
14432.1750
14509.2000
14590.5500
14669.8000
14751.3750
14833.0500
14920.8500
15013.2000
15108.2000
15207.6250
15309.0000
15410.1250
15526.0500
15657.4750
15809.3500
15979.1000
16179.1250

