3865.3750
3963.6250
4048.8750
4130.0500
4208.4000
4283.1500
4358.7750
4433.5750
4506.2000
4578.1250
4649.4500
4720.3250
4789.8500
4857.8250
4925.4000
4991.2250
5056.0750
5121.4250
5184.5500
5248.4250
5310.4000
5370.8000
5431.6750
5490.7750
5550.3750
5609.3000
5667.7250
5725.1250
5782.0750
5839.7000
5896.5000
5952.8750
6009.2000
6064.4500
6119.8250
6174.8250
6229.0250
6283.3750
6337.3500
6390.7750
6443.8500
6497.1250
6549.6250
6601.6750
6654.3000
6705.9500
6757.8250
6808.6250
6859.4000
6911.0250
6962.1250
7013.2750
7062.2000
7112.9250
7162.3250
7212.1750
7262.1500
7311.4000
7361.1500
7410.2250
7459.2250
7508.2750
7557.6750
7606.9000
7654.9750
7703.5000
7750.7000
7799.1500
7846.9500
7895.3500
7941.8500
7989.0750
8036.4000
8083.3000
8130.7000
8176.5250
8223.1500
8269.9500
8315.4250
8361.0500
8407.3500
8453.7000
8499.2250
8544.6750
8591.0750
8636.7750
8682.5000
8727.7000
8772.0250
8817.0500
8861.9000
8906.7500
8951.9250
8995.8500
9039.7750
9083.4000
9127.6500
9171.8500
9215.4250
9260.3250
9304.1000
9347.1750
9392.1750
9434.9250
9478.1250
9522.1750
9565.5500
9609.1000
9652.5250
9694.9000
9738.6250
9781.3500
9824.4250
9866.2750
9908.4000
9950.6250
9992.9750
10035.5750
10078.4000
10119.7000
10162.9750
10205.1250
10245.8750
10288.3750
10330.5750
10371.9500
10413.3750
10455.8000
10496.9500
10538.0500
10579.3000
10620.3250
10661.8250
10703.6000
10743.2750
10785.2000
10825.6250
10865.9000
10907.5000
10948.0750
10989.2500
11029.7250
11071.2000
11112.5000
11152.7750
11194.0500
11234.9000
11276.5750
11317.8750
11359.5000
11401.0500
11442.8000
11484.9750
11527.7250
11568.6000
11610.2250
11652.0250
11693.5000
11736.7750
11779.5250
11820.7500
11864.4000
11905.7500
11947.8000
11990.9250
12034.1250
12077.0000
12119.7250
12163.5750
12206.4250
12249.6000
12291.8500
12336.2500
12379.9250
12423.9500
12467.8250
12512.4500
12556.5250
12600.2500
12645.2750
12689.2750
12733.6500
12780.3000
12825.2250
12869.8000
12915.8250
12961.1250
13006.2000
13051.2500
13096.9500
13142.8000
13188.2750
13233.9250
13279.9500
13326.0750
13371.8750
13418.7000
13464.7250
13511.1500
13558.0500
13605.7000
13652.4500
13699.1750
13746.9750
13794.7000
13842.3750
13889.1750
13938.9750
13986.1000
14034.0750
14082.9000
14130.9250
14180.8000
14230.1000
14278.6750
14328.5250
14378.0250
14429.2750
14479.6250
14529.3500
14579.4000
14629.9750
14681.6000
14731.6250
14782.9000
14834.4000
14886.3250
14936.6750
14989.5750
15042.2000
15094.1500
15147.8250
15199.7750
15254.2500
15308.1250
15361.6500
15416.1250
15470.9750
15525.4250
15581.7000
15636.6500
15693.1250
15749.8750
15807.2750
15864.4750
15923.2500
15981.1250
16040.8500
16099.9750
16159.5500
16220.2250
16282.2250
16343.4750
16406.1000
16469.0250
16531.4250
16594.8750
16658.8250
16723.9000
16790.1500
16858.3000
16926.7750
16995.9000
17065.7000
17137.7250
17209.9750
17283.1500
17358.4750
17436.0750
17513.4750
17594.6250
17675.2500
17758.9250
17844.3250
17933.2000
18023.4750
18115.7000
18210.4250
18309.9250
18413.1000
18520.0750
18636.5250
18760.0250
18898.6750
19058.5000
19276.1500
19692.0000

