2352.4500
2522.5750
2671.9000
2803.3500
2923.2000
3032.5000
3132.9000
3221.9500
3303.2750
3379.7000
3451.0000
3521.9750
3590.4500
3658.7250
3725.8500
3792.6000
3859.0250
3923.5750
3986.5000
4050.7000
4112.4250
4173.6000
4234.7500
4295.1250
4354.5000
4412.0000
4469.9750
4526.8500
4582.7750
4639.0500
4694.0500
4748.6250
4803.8500
4857.7000
4910.7750
4964.0000
5016.4000
5068.3500
5120.4750
5172.4000
5224.7500
5275.2000
5326.6000
5377.4500
5428.8000
5479.3000
5529.1500
5578.8250
5628.8750
5678.5250
5727.4500
5776.7500
5826.3000
5874.8000
5923.4000
5971.9000
6019.7500
6067.3000
6114.7500
6163.0000
6210.0000
6256.6750
6303.1250
6349.6000
6395.8250
6443.0500
6489.2250
6535.0250
6580.2500
6625.8500
6671.2000
6716.4750
6762.4750
6807.8000
6853.3500
6898.2000
6942.7750
6988.1000
7032.3250
7076.6250
7120.6750
7165.9750
7210.7000
7254.1000
7297.2000
7341.5500
7385.3000
7429.7250
7472.1000
7515.3250
7558.9250
7601.6750
7644.8000
7687.5250
7729.7250
7772.9250
7815.3000
7857.9250
7899.1000
7942.2250
7984.5750
8025.3250
8067.8500
8110.3500
8151.6750
8193.9250
8235.7250
8277.1000
8318.7750
8360.2250
8401.6750
8442.1750
8484.1000
8525.8500
8566.0750
8607.6000
8648.6500
8689.3250
8729.9250
8770.1750
8811.0000
8851.1750
8892.3000
8932.5750
8972.1500
9011.9750
9053.4750
9092.2750
9132.6750
9172.1750
9211.3000
9251.5000
9291.8250
9331.0750
9369.4000
9408.2500
9448.1000
9487.6500
9526.9000
9565.5250
9604.8500
9643.5250
9681.9500
9720.9250
9759.9750
9797.8250
9836.9250
9875.5250
9914.0500
9952.3750
9990.7750
10029.4500
10067.7250
10106.3750
10144.0500
10181.7750
10219.6500
10257.6750
10296.2250
10334.8000
10372.8500
10408.8500
10447.5500
10484.7250
10522.4500
10559.3750
10597.3750
10634.6000
10672.0750
10708.5250
10745.9000
10783.7000
10819.9750
10857.2250
10894.0250
10931.3000
10968.8500
11005.7250
11042.4500
11080.0750
11117.4250
11153.6500
11191.4000
11228.5000
11265.5500
11304.2250
11341.5000
11380.4000
11417.5000
11454.5250
11492.4000
11530.9250
11568.7250
11606.9500
11646.2500
11683.2750
11721.1750
11758.3750
11796.1000
11834.6250
11873.3750
11912.7000
11950.5250
11989.2250
12028.0250
12068.3250
12106.4750
12145.2500
12185.0500
12223.7750
12263.3250
12302.4500
12342.1000
12381.3000
12419.9750
12459.4000
12499.5750
12538.2500
12577.8500
12617.4250
12657.6000
12697.3500
12736.6750
12777.8000
12817.6500
12858.3250
12898.2750
12937.8250
12978.9750
13018.9250
13059.3250
13099.6250
13140.3500
13181.1750
13222.1750
13262.8500
13304.5000
13343.8750
13385.4000
13425.9250
13467.8750
13507.7500
13549.6000
13591.2750
13633.7000
13675.1500
13716.6500
13758.9250
13799.6000
13842.6250
13884.4500
13927.0750
13968.7000
14011.3750
14053.8500
14096.9500
14139.9500
14182.8750
14225.8250
14268.6750
14311.3000
14354.2000
14397.8750
14441.8000
14485.2000
14529.9500
14573.8250
14617.6250
14662.1000
14706.7000
14750.7500
14796.2000
14840.7500
14885.7250
14929.8500
14975.5500
15019.2750
15065.3250
15109.9250
15155.8500
15201.6000
15246.9750
15293.7250
15339.4500
15384.8500
15431.1250
15477.7000
15523.9750
15572.1000
15619.1750
15666.8750
15714.6000
15761.7750
15809.9000
15857.3000
15906.5500
15955.3750
16002.6750
16052.0250
16099.8250
16150.1500
16198.7500
16248.5750
16298.3000
16348.5000
16398.9250
16449.5250
16499.3750
16549.2750
16600.7000
16652.1250
16704.6250
16756.4500
16809.5750
16861.8500
16915.4000
16967.9750
17021.7250
17075.6250
17130.1500
17184.8250
17239.0500
17294.8750
17350.5000
17406.5500
17462.8250
17518.9750
17576.3250
17634.3750
17693.3000
17752.1750
17811.7500
17872.1000
17933.0750
17995.7750
18057.8500
18121.4000
18186.0250
18249.7250
18315.6000
18382.4250
18450.5000
18519.3250
18589.1500
18660.8250
18733.2500
18806.7750
18882.8250
18959.1750
19036.6750
19115.7750
19198.1250
19280.7250
19363.9250
19449.6000
19536.5500
19625.1250
19715.6250
19811.3250
19909.5000
20012.8750
20126.8500
20266.5000

