3678.2250
3787.2750
3874.2000
3955.0500
4033.8250
4109.3250
4184.1000
4259.5250
4331.3250
4402.8500
4473.8750
4544.1000
4612.7250
4680.4000
4747.5000
4813.9750
4878.5250
4944.1250
5008.3500
5071.0750
5132.4750
5193.9500
5254.8750
5313.4500
5372.8000
5431.9000
5490.2250
5548.6500
5605.2250
5662.5500
5719.2000
5775.0000
5830.3250
5885.7250
5940.7000
5994.1250
6048.0500
6101.5500
6156.7750
6210.7250
6263.4000
6316.9000
6368.7000
6422.0000
6473.7000
6525.6000
6577.1500
6628.5750
6680.4750
6730.2500
6780.8250
6831.6500
6881.8500
6932.0500
6981.1750
7030.6500
7080.4750
7129.0750
7177.7750
7228.5750
7277.6000
7325.9500
7374.5250
7422.8250
7469.7500
7517.5250
7565.5750
7612.8500
7660.4000
7708.3000
7755.7250
7802.9750
7849.9750
7897.2500
7942.3750
7989.5750
8036.0250
8081.8500
8128.0750
8174.1750
8219.7250
8265.6500
8311.7750
8356.6000
8401.5000
8446.9750
8492.4000
8538.1500
8582.2250
8627.2250
8671.7500
8717.1250
8761.6500
8806.3500
8849.2250
8893.1500
8936.5500
8981.0750
9024.9750
9069.0500
9112.6250
9156.2000
9199.5250
9242.1750
9286.1250
9329.3750
9373.0250
9415.8750
9459.4000
9501.3750
9544.1250
9587.0750
9629.5500
9671.7750
9714.9750
9757.5500
9800.1250
9842.9250
9885.2000
9926.2750
9968.5500
10010.0000
10051.4000
10092.4500
10133.9500
10175.4500
10217.2500
10258.1250
10299.0250
10340.6000
10382.8500
10423.8000
10464.4000
10504.7500
10546.2750
10587.8500
10628.2750
10669.0000
10710.1000
10750.3500
10791.1000
10831.4250
10871.5250
10912.1500
10951.8250
10992.8500
11032.8500
11072.0750
11112.5000
11153.3250
11194.4500
11234.1750
11274.4750
11315.3000
11357.2250
11397.3750
11439.4250
11480.5250
11521.9500
11563.4000
11604.0500
11646.8000
11688.0000
11729.8750
11771.6250
11812.8250
11854.3000
11895.6250
11937.7500
11979.4250
12021.4000
12064.1750
12106.5000
12148.8500
12191.4750
12234.9750
12277.6500
12321.5500
12364.3250
12406.8500
12449.6750
12493.8500
12536.7750
12580.2000
12624.1500
12667.4500
12711.1750
12755.1500
12797.9750
12842.3500
12887.0500
12931.4250
12975.7750
13020.8000
13065.9750
13109.8500
13155.0750
13200.7750
13245.5750
13290.0500
13335.8250
13381.3750
13427.4750
13472.8500
13518.1000
13564.3500
13611.1500
13657.1500
13703.4250
13749.3250
13796.1000
13842.3750
13889.1000
13937.4750
13984.1250
14030.9250
14079.0500
14126.6000
14173.9500
14222.3000
14270.5000
14318.4500
14366.3000
14414.9750
14463.0250
14512.6500
14561.2000
14610.5750
14659.6500
14709.3750
14759.0500
14808.3500
14860.4250
14911.3250
14962.2750
15012.7000
15064.3750
15117.5750
15169.0250
15219.9750
15273.1000
15325.3750
15378.5750
15431.9250
15484.6750
15538.2000
15592.5000
15645.4500
15701.2750
15756.5250
15812.4250
15868.8500
15924.7000
15981.3000
16038.0500
16094.6000
16152.1250
16210.4500
16268.3000
16326.7500
16386.9500
16447.3750
16507.4250
16568.6000
16630.7000
16693.3000
16755.1250
16818.7500
16882.5750
16947.7000
17013.5750
17079.4250
17147.7500
17216.8500
17287.7750
17358.6750
17431.1750
17503.6000
17578.9000
17655.1750
17732.4750
17811.0250
17892.4250
17975.2000
18060.4750
18147.0500
18236.2000
18327.1000
18419.8000
18516.6500
18617.8250
18722.6000
18833.3500
18952.9750
19085.5000
19234.1250
19433.4000
19826.6750

