5119.8250
5207.2000
5290.5500
5372.5750
5452.7250
5529.8250
5606.6750
5682.5500
5756.9250
5832.7750
5904.4250
5975.3500
6045.1250
6114.7500
6183.5750
6251.5500
6319.4750
6385.1500
6450.8750
6516.3250
6581.8250
6646.0500
6709.6000
6772.9000
6833.7000
6895.7000
6957.7250
7018.7250
7078.6250
7138.7750
7200.0250
7258.6250
7316.8250
7375.5250
7434.5500
7492.9500
7550.9750
7608.1500
7663.8500
7719.7500
7777.5000
7833.2750
7888.4750
7943.1750
7998.7250
8054.3000
8108.7000
8162.7500
8217.8000
8272.5250
8324.7500
8378.0250
8432.2500
8484.1500
8536.9250
8588.8500
8640.8750
8693.0250
8743.4000
8796.6500
8848.1000
8899.2000
8950.4500
9001.6000
9052.9250
9104.1250
9154.6000
9205.2250
9255.2500
9306.0250
9356.6750
9406.8750
9455.0500
9504.8250
9552.1500
9602.2000
9651.2000
9699.2500
9748.5500
9796.3000
9843.4500
9891.8500
9940.0000
9988.4500
10034.1500
10082.2000
10130.7000
10178.2000
10224.1500
10270.5750
10317.8500
10364.7250
10411.5500
10457.3500
10503.3250
10549.4500
10594.9750
10640.6750
10686.3500
10732.9250
10779.3000
10824.1000
10869.3250
10915.2500
10960.7500
11006.6750
11050.7500
11096.2500
11142.9500
11188.5500
11235.2250
11280.5250
11326.4000
11373.7500
11419.6000
11465.7750
11512.0500
11558.7000
11605.9250
11653.4500
11699.9250
11746.4500
11794.2000
11843.1750
11891.3000
11939.9500
11987.5750
12037.3500
12086.4000
12135.6750
12184.7250
12234.0000
12283.3750
12334.0500
12384.8500
12435.2250
12486.4000
12537.0750
12588.1250
12638.8500
12690.1500
12742.2750
12794.9750
12847.7250
12900.2250
12953.5250
13005.5500
13059.4250
13114.3750
13168.5000
13222.6000
13276.7250
13332.8750
13387.3750
13442.9750
13498.6000
13555.9500
13612.1500
13668.7000
13726.5250
13784.5750
13842.1750
13902.7750
13961.7500
14022.4500
14082.4000
14142.9000
14203.9000
14265.8250
14327.1750
14388.2750
14452.6000
14514.7000
14579.9250
14646.1000
14711.7500
14779.7750
14848.0250
14915.9500
14984.4500
15055.7250
15127.5000
15199.7250
15272.6500
15348.6250
15424.9750
15502.2000
15582.6250
15663.8500
15748.8750
15836.4000
15924.7750
16013.5750
16104.0000
16203.8250
16306.1250
16412.7750
16531.1750
16653.8000
16794.9000
16952.8000
17184.8500
17918.9500

