2888.1500
3031.4000
3153.3000
3258.7750
3350.6000
3433.1250
3511.0500
3585.8000
3659.8750
3732.5250
3804.3500
3875.6000
3946.8250
4014.7000
4083.6750
4151.4000
4217.9250
4283.1000
4347.9500
4411.4750
4474.7500
4536.0250
4597.5500
4656.6750
4717.5250
4776.5250
4834.9250
4892.4750
4949.5500
5006.9500
5062.0750
5117.3250
5172.5750
5228.7000
5282.4250
5337.0500
5391.4250
5443.6750
5496.2500
5549.8750
5602.3500
5653.3500
5705.1250
5757.1500
5808.8750
5860.2000
5910.7500
5961.4500
6011.0250
6061.2000
6111.2750
6160.5250
6210.9500
6260.5000
6310.4500
6359.2250
6407.3000
6454.9000
6504.9750
6552.9750
6601.0000
6649.9500
6696.9250
6744.4000
6792.3250
6839.3750
6885.7000
6933.5750
6980.3750
7026.8750
7072.9250
7119.6000
7165.2500
7211.1000
7257.4750
7301.9750
7347.7250
7393.2750
7438.2000
7482.2500
7527.5500
7572.6000
7616.5500
7660.8500
7705.0250
7749.1500
7793.8000
7838.4750
7881.4250
7926.0750
7969.5000
8014.4000
8057.6000
8101.7250
8144.4000
8187.5500
8231.1750
8273.6750
8316.3000
8359.9000
8403.3500
8446.4500
8488.7000
8531.8000
8573.6500
8616.7000
8658.7750
8700.7750
8742.4750
8784.1750
8824.5000
8867.1750
8909.7750
8951.4000
8993.2750
9034.9250
9077.0500
9117.6000
9159.4250
9199.3750
9241.2750
9281.3000
9323.0000
9364.0000
9404.7750
9445.6500
9486.9250
9527.5750
9566.7000
9608.7250
9648.6000
9689.4750
9730.3500
9770.6750
9809.4250
9849.2500
9889.3500
9929.9750
9970.1000
10010.0250
10050.1250
10089.2750
10129.0500
10167.8500
10207.9750
10248.0500
10287.0750
10326.6750
10366.6750
10405.8500
10443.8500
10483.9000
10523.8500
10562.0750
10601.0000
10640.1000
10677.9250
10716.9000
10756.3750
10794.5750
10832.6250
10871.1250
10909.8000
10949.1000
10988.4000
11027.2000
11065.3000
11104.2000
11142.2500
11181.4250
11220.1750
11258.3500
11297.6250
11336.6750
11376.1250
11414.0250
11453.4500
11492.1500
11531.4250
11571.3000
11610.1000
11649.9750
11689.5500
11729.8250
11769.4250
11809.5500
11848.1250
11888.2250
11928.5500
11969.5250
12010.2000
12049.8000
12090.0500
12129.7500
12171.8750
12211.9500
12251.8250
12292.6500
12332.7250
12374.1250
12415.2000
12456.3250
12496.9750
12537.6500
12578.6250
12621.2000
12660.9250
12702.7500
12744.3000
12785.5250
12826.7250
12868.3000
12909.6750
12951.6000
12993.9250
13034.8500
13077.6000
13120.1750
13162.1750
13204.9250
13248.2000
13291.0000
13333.9000
13376.8250
13419.5000
13462.0750
13505.6500
13547.9250
13590.7250
13635.1750
13678.9250
13722.8750
13765.7750
13809.4000
13854.3750
13897.9250
13942.3250
13986.4000
14031.8750
14075.6000
14119.8000
14164.4000
14209.9000
14254.5750
14300.1750
14346.3500
14391.0250
14437.1000
14481.1750
14528.2750
14575.3750
14621.2000
14666.1750
14712.4250
14758.3250
14804.8000
14851.5000
14898.5500
14946.2750
14992.8000
15039.7250
15087.4000
15134.5000
15184.1500
15232.5750
15280.4500
15328.7250
15376.5500
15425.2750
15474.9000
15523.4500
15573.7500
15623.3000
15672.6250
15724.2500
15774.6000
15824.4250
15875.6250
15926.0000
15976.9000
16027.7750
16079.6750
16131.3000
16183.3500
16237.0750
16289.6750
16343.3000
16396.3250
16450.8250
16504.8750
16559.4750
16613.5500
16668.2750
16723.2750
16778.4750
16834.3500
16890.9250
16947.3750
17004.3000
17062.7250
17120.8750
17178.8750
17239.4500
17298.6500
17358.5000
17419.9250
17482.0750
17544.2000
17607.4500
17671.3750
17736.0500
17801.9500
17868.2250
17936.8000
18005.6000
18076.4000
18146.4500
18219.1500
18292.9750
18367.0750
18444.1000
18521.7250
18600.5500
18680.2000
18761.8000
18845.5250
18931.9250
19018.9000
19107.6750
19199.9500
19292.9500
19389.9500
19489.7750
19593.6750
19705.7750
19830.2500
19997.0750

