2193.4000
2367.5750
2522.6500
2662.1250
2785.8250
2899.2500
3003.4750
3097.6250
3185.2500
3263.7250
3337.6500
3408.8000
3479.1000
3548.3250
3615.6250
3682.3250
3747.8500
3812.7500
3876.5500
3939.5500
4000.6750
4061.9250
4121.8000
4181.4750
4239.5750
4297.9500
4355.0500
4412.3250
4467.7750
4523.3750
4578.6000
4632.6500
4686.9000
4740.3500
4793.1250
4846.2250
4899.5750
4951.1500
5004.0250
5055.0250
5106.0750
5156.4500
5206.6250
5257.2000
5308.6500
5358.1500
5408.7750
5458.8750
5508.4250
5558.2500
5606.7000
5656.1500
5704.7500
5752.5000
5800.6750
5848.8500
5896.8750
5944.4250
5991.0750
6039.1750
6084.6500
6131.8500
6178.9000
6226.0750
6272.1000
6317.8000
6364.2000
6410.2250
6455.9750
6502.0000
6547.5000
6593.3500
6638.1750
6682.7500
6727.6000
6773.3750
6817.5000
6862.2250
6905.8250
6950.1000
6995.1500
7039.0250
7082.7500
7125.6250
7170.1250
7213.1250
7256.7000
7300.7250
7344.4750
7387.8500
7431.1750
7473.8750
7515.9750
7559.7750
7602.5500
7643.6750
7685.8000
7728.8000
7771.0000
7812.7000
7855.1250
7897.4500
7939.0750
7980.1500
8022.4000
8064.0250
8105.5750
8147.4500
8187.8500
8228.8250
8271.8000
8312.1000
8352.6750
8393.5000
8433.1500
8474.5750
8515.7000
8555.9750
8596.4250
8637.8750
8677.8000
8718.2500
8757.9750
8797.8750
8837.4000
8877.0250
8917.3000
8956.3750
8997.3500
9036.4750
9075.2000
9115.7500
9154.4750
9193.6000
9233.5500
9271.4250
9310.5500
9348.5750
9387.5750
9427.6250
9466.9250
9505.3000
9543.1750
9582.1000
9619.7000
9660.2250
9697.7500
9735.2750
9772.9250
9812.5750
9850.9000
9888.0500
9925.9250
9963.4500
10001.8000
10041.0500
10079.0250
10115.9250
10155.2000
10192.8750
10229.4250
10266.7000
10304.3250
10341.9000
10379.0250
10416.5500
10454.0250
10490.9750
10526.6750
10563.6250
10601.0250
10638.1750
10675.2750
10713.3250
10749.1250
10786.9000
10823.5750
10860.5000
10897.3500
10933.7250
10969.8000
11006.2500
11042.3500
11078.3000
11115.2000
11152.5250
11190.0750
11225.8750
11263.4250
11301.5750
11337.4250
11375.2750
11411.5500
11448.2500
11485.6250
11523.7000
11561.1750
11597.4500
11636.3250
11673.7750
11711.3250
11749.5750
11786.0500
11824.6750
11862.8000
11901.2000
11939.0000
11978.0500
12016.5500
12054.7500
12093.3750
12131.9000
12170.0500
12209.1000
12248.1000
12284.3500
12323.7000
12362.4000
12401.4000
12439.9250
12478.0750
12517.8500
12556.1750
12595.7500
12634.1250
12673.6750
12715.0250
12753.2250
12792.7750
12832.6750
12873.3000
12912.6000
12952.2000
12992.7000
13031.3000
13072.5250
13113.1000
13153.0750
13192.8500
13232.7250
13273.5500
13314.1000
13355.4000
13395.9250
13436.5250
13477.5000
13518.8000
13558.6000
13599.9000
13640.9500
13681.7000
13723.4500
13764.8500
13806.1000
13847.7750
13889.6500
13931.4250
13973.6000
14015.2000
14056.9750
14098.8500
14141.3500
14183.7000
14226.7750
14269.3750
14311.4250
14354.5500
14397.1750
14440.2000
14483.1000
14525.8750
14568.5250
14612.5250
14656.1500
14698.8500
14743.0750
14787.3250
14831.5500
14875.0500
14919.1250
14963.4250
15007.9750
15051.9000
15097.0250
15142.2000
15187.4000
15232.0000
15276.9250
15322.3000
15368.0500
15413.7000
15459.2500
15503.6500
15550.2000
15596.3000
15643.1750
15688.9500
15736.3000
15782.3750
15829.1750
15876.5750
15924.3750
15971.5750
16019.5000
16066.8250
16114.7000
16163.5000
16212.0000
16261.3000
16309.3750
16358.6000
16409.2500
16457.5500
16507.9250
16557.9500
16608.1750
16658.4250
16708.9250
16760.2500
16810.8250
16862.0500
16914.8000
16967.2500
17019.2250
17072.2250
17125.1500
17177.5750
17230.8750
17285.2750
17339.5000
17394.4750
17450.5000
17505.1000
17561.1750
17617.3250
17673.6250
17731.4750
17789.4000
17847.6250
17906.6750
17966.8250
18025.9750
18086.5500
18148.0500
18210.3000
18273.1500
18337.0000
18401.0250
18467.0750
18533.6250
18601.2000
18670.1500
18740.6750
18812.7250
18885.7250
18960.3500
19034.6250
19112.0500
19189.8250
19269.7750
19350.7750
19432.9000
19517.3750
19602.6250
19690.9750
19780.3750
19872.4000
19967.6000
20067.7250
20173.3250
20293.4250
20486.7500

