2735.9500
2880.3250
3008.0000
3121.2000
3223.3750
3311.3500
3393.0500
3470.6000
3544.5000
3617.3000
3689.2500
3760.1500
3829.8500
3899.3500
3966.8000
4033.6500
4099.5500
4165.4500
4230.7000
4293.4750
4356.7500
4418.1000
4479.8250
4539.7750
4598.8250
4657.1250
4715.6500
4772.8500
4830.0000
4886.7000
4942.3750
4996.7250
5051.1250
5105.8000
5159.1750
5212.9250
5266.1500
5318.7250
5371.2250
5423.9000
5475.3500
5527.6750
5579.6250
5630.9250
5681.6500
5733.0250
5783.6750
5833.7250
5884.2750
5933.2500
5983.3000
6032.5750
6082.3750
6132.5500
6181.8250
6231.4750
6279.5500
6328.0000
6375.1000
6423.8500
6471.3000
6519.9000
6566.6500
6614.5750
6661.6250
6709.1250
6755.7250
6802.4000
6848.2250
6895.5750
6941.7000
6987.1250
7033.0250
7078.6750
7124.9000
7169.2750
7214.6250
7260.4000
7304.7250
7350.2250
7395.8000
7440.9250
7485.0250
7530.0500
7574.0000
7618.6750
7662.8500
7707.5250
7751.2500
7794.5500
7838.0500
7881.3250
7925.1750
7968.4500
8011.9500
8054.3250
8097.4500
8140.3000
8184.1000
8226.7250
8269.6000
8311.3250
8354.5750
8397.5750
8439.3250
8481.7750
8524.0750
8566.6500
8607.4500
8649.1250
8690.2750
8731.4250
8773.8250
8815.5750
8857.6500
8898.5750
8940.5750
8981.7250
9022.3500
9064.5250
9104.8750
9146.0500
9187.1500
9228.7250
9268.5750
9310.1000
9349.8750
9390.9000
9431.3500
9471.7750
9511.3000
9552.3500
9592.6750
9632.6250
9673.1750
9711.5750
9751.5000
9790.9000
9830.4250
9869.5750
9909.4250
9948.0500
9988.3500
10026.8500
10065.9000
10105.4500
10144.7000
10184.3750
10222.5250
10262.0000
10301.2500
10339.5750
10378.6250
10416.7750
10456.4250
10494.1250
10532.0000
10570.5250
10609.4500
10648.7250
10686.1500
10724.9000
10762.8750
10801.5000
10840.7250
10877.8000
10916.0500
10953.5250
10991.7250
11029.9500
11068.1000
11105.9250
11144.9000
11182.8000
11220.1000
11259.4250
11298.2000
11335.8500
11375.4250
11414.2500
11452.8250
11491.7000
11530.6500
11569.1500
11607.5000
11647.2500
11685.5750
11725.2500
11764.2750
11802.9250
11842.5750
11880.4500
11921.3000
11960.5750
12000.5750
12040.3000
12079.4250
12119.0250
12158.7500
12198.5750
12238.5250
12279.0000
12319.3250
12359.1000
12399.4000
12440.0250
12480.6500
12521.2500
12562.4750
12602.4750
12643.0500
12683.6750
12725.7000
12766.9750
12807.3250
12848.0250
12889.5750
12931.4250
12972.4000
13014.4000
13055.9000
13097.1750
13139.2500
13181.5500
13223.8000
13265.5750
13307.4750
13349.7750
13391.8500
13435.0000
13477.3500
13519.4250
13561.4250
13605.6750
13647.8250
13690.7750
13733.8750
13776.9500
13821.1250
13863.3500
13906.3500
13949.1750
13992.4000
14036.6500
14080.1000
14123.4250
14167.7500
14212.3500
14256.2500
14300.6000
14345.2500
14389.5750
14434.7000
14480.3500
14525.0750
14570.1500
14615.6250
14660.8250
14706.7750
14752.2250
14798.2000
14844.2500
14890.2250
14936.7000
14983.2250
15029.1500
15075.2250
15122.0750
15169.0250
15217.4000
15265.3000
15312.8000
15359.9750
15408.4000
15456.7750
15505.1000
15552.8750
15601.8500
15650.4750
15699.6000
15748.3000
15797.5250
15847.6000
15897.0250
15947.1500
15996.4500
16046.8750
16097.5000
16148.1250
16199.5750
16250.6250
16302.1500
16353.9500
16405.6500
16457.8500
16510.5000
16563.5000
16617.0250
16671.5750
16725.1000
16779.6500
16834.0750
16889.1500
16943.4750
16999.2000
17055.0000
17111.2000
17167.5500
17224.9250
17283.6250
17342.4000
17400.7500
17460.3000
17520.3750
17580.9750
17643.1000
17705.1250
17767.7000
17831.3500
17896.1250
17960.7500
18027.1750
18094.4500
18162.8000
18231.1750
18301.2750
18372.9250
18445.7500
18520.2500
18594.8750
18672.5000
18750.6750
18831.2500
18912.3250
18994.3250
19079.7750
19165.8500
19254.3500
19344.5500
19437.3000
19533.2000
19632.3250
19736.3500
19848.5500
19979.7500

