4152.7250
4246.6000
4334.1500
4417.2500
4498.8750
4579.6000
4660.1750
4738.0500
4813.3000
4889.2500
4964.1000
5037.5250
5108.9750
5178.4750
5249.9000
5318.0500
5386.0000
5455.2750
5520.8500
5586.6750
5650.3000
5714.8250
5779.0250
5842.4250
5905.0750
5968.3000
6029.7750
6092.0250
6154.3250
6214.8000
6276.1250
6335.1500
6395.2500
6454.2500
6512.7500
6570.6500
6629.2750
6687.9000
6744.7750
6802.6750
6860.8250
6918.4000
6975.6000
7032.4250
7087.8500
7143.5000
7199.1500
7254.2250
7308.4500
7363.6000
7418.4250
7473.6250
7527.5000
7582.4500
7636.3750
7691.0250
7743.1500
7797.3750
7851.8250
7904.8000
7957.0000
8009.4750
8062.1750
8113.8000
8165.7000
8218.2000
8270.6750
8322.5750
8372.9500
8425.4250
8476.5500
8528.6250
8577.9250
8627.6500
8679.7000
8730.4250
8779.7500
8829.3750
8879.3000
8929.4750
8978.8000
9028.6250
9079.7750
9127.8250
9176.9500
9226.3250
9275.9750
9324.6750
9374.9250
9423.3750
9470.7000
9518.2500
9567.1000
9616.2750
9664.2000
9711.5750
9760.5000
9808.0000
9856.0750
9902.4750
9950.2750
9998.4000
10044.9000
10091.6250
10139.2500
10187.1250
10233.3750
10280.9250
10328.2500
10374.3500
10420.5000
10467.2000
10512.2250
10559.5500
10604.7750
10650.4750
10697.5500
10743.4250
10788.1000
10835.0000
10881.7500
10926.3000
10972.1000
11017.1750
11063.9500
11109.1250
11155.6500
11202.3500
11248.2750
11294.1000
11340.1250
11385.4250
11433.0500
11478.5750
11525.5000
11573.2750
11620.0250
11665.8000
11714.9000
11762.5500
11808.7250
11856.6250
11902.8000
11950.6250
11997.7500
12045.4500
12093.4750
12141.5250
12188.6500
12235.3500
12284.1750
12331.6750
12378.9250
12428.7250
12476.4500
12525.3000
12573.5500
12622.8750
12673.1750
12722.7750
12773.3500
12820.3500
12869.7500
12920.3500
12970.8250
13020.7250
13071.2750
13120.7000
13170.6250
13220.6500
13270.4000
13322.6500
13372.1750
13424.0250
13475.4750
13528.0750
13578.9250
13629.9250
13682.0750
13734.8500
13787.6500
13839.5000
13891.3000
13945.5250
13997.0000
14049.0000
14102.4250
14156.9500
14210.2750
14264.7750
14319.1250
14374.7000
14429.7250
14484.2750
14538.1250
14591.6000
14647.6000
14703.4000
14759.9500
14814.6500
14872.2500
14927.8250
14984.6250
15041.1750
15099.2250
15157.4000
15213.2750
15271.2000
15329.6250
15387.5250
15448.1000
15507.1250
15566.1000
15626.4500
15687.4250
15748.7000
15810.4750
15871.1250
15934.8250
15997.5750
16061.2250
16124.2250
16187.5500
16252.3500
16318.4500
16385.8000
16453.2750
16522.4750
16589.4500
16657.6750
16727.8250
16800.5750
16870.6750
16942.6750
17013.8500
17088.4500
17164.3000
17240.3750
17318.3000
17399.2250
17483.7250
17566.9750
17656.9500
17744.0000
17834.6000
17931.3500
18033.1500
18142.0250
18254.0750
18371.3750
18502.1750
18647.7000
18823.8750
19046.5750
19448.5750

