4747.8000
4841.1000
4929.2250
5014.0750
5095.2250
5177.0750
5254.8000
5332.0250
5407.9000
5482.5500
5555.7500
5630.3000
5700.8000
5772.1250
5840.7000
5908.7750
5975.5250
6042.6000
6109.8250
6177.4000
6242.8000
6308.9000
6370.4250
6433.7750
6496.3750
6561.1750
6623.4250
6684.5000
6745.2750
6806.6750
6867.6500
6927.2750
6987.1250
7048.2000
7108.7750
7168.2500
7226.8750
7284.3500
7342.9250
7399.3000
7457.5500
7514.9250
7571.1000
7628.7500
7684.2750
7740.6750
7796.1750
7852.4750
7907.9500
7963.3500
8017.7000
8072.6000
8128.6000
8182.2500
8235.7750
8290.2250
8342.4250
8394.9000
8447.5000
8501.1500
8553.7750
8605.5750
8660.5500
8713.1750
8766.1750
8816.8000
8867.9500
8919.3250
8970.5500
9024.1750
9073.1500
9122.6000
9173.5250
9224.2000
9274.2750
9324.1000
9374.4500
9424.5000
9474.9500
9525.6250
9575.4750
9624.5750
9674.0750
9722.2000
9771.7250
9819.6250
9869.6000
9918.6500
9966.2250
10014.3250
10063.5250
10112.2000
10159.4750
10207.8000
10255.4500
10304.6250
10351.8000
10399.4750
10447.2750
10493.0500
10542.2750
10588.4500
10635.6250
10682.9250
10729.9750
10776.8000
10824.3750
10869.9750
10917.1500
10963.1500
11011.4500
11057.9750
11104.9250
11151.5750
11198.3250
11246.1500
11294.3750
11339.7250
11387.4000
11434.6750
11480.6250
11528.9500
11577.5000
11625.1750
11671.9250
11721.6000
11769.6500
11818.4750
11867.2250
11915.7000
11964.4750
12012.6750
12059.2500
12107.3750
12156.8000
12207.0000
12255.4250
12304.7250
12354.1000
12404.1000
12453.1750
12504.1750
12553.6250
12604.1500
12654.1750
12704.0000
12753.7000
12805.3500
12856.5000
12908.1000
12962.4000
13012.9000
13067.0500
13117.6000
13169.8750
13223.8250
13276.6750
13330.4500
13381.2750
13434.7750
13487.1000
13541.7750
13595.2750
13649.7250
13703.3000
13758.8000
13812.5000
13867.7000
13922.9000
13979.4250
14035.7250
14091.0000
14145.0000
14201.1000
14258.2500
14314.6750
14373.3500
14430.1000
14489.9000
14548.4250
14605.9500
14664.6750
14724.3000
14783.7250
14844.1250
14904.3000
14964.4500
15025.0500
15087.1250
15148.4500
15209.7750
15271.7250
15335.0500
15399.1500
15462.1000
15524.5500
15590.7500
15657.5000
15723.9000
15790.0250
15857.6000
15925.7250
15995.6000
16065.5750
16136.5750
16207.8250
16281.1250
16357.2500
16429.9250
16505.5500
16586.3500
16662.2750
16741.0250
16822.6250
16907.1500
16992.1000
17078.5250
17173.6500
17267.7750
17364.0750
17472.7000
17582.3500
17701.5250
17842.4500
17984.1250
18223.8000
18448.6000

