1921.7750
2113.1750
2275.8500
2422.2250
2554.5000
2679.1000
2792.0250
2895.4500
2990.4000
3076.0000
3154.9750
3231.4750
3305.8500
3378.4500
3450.5250
3521.3750
3591.9500
3660.2750
3728.6000
3795.9750
3862.4750
3927.4000
3991.7250
4054.6000
4117.6000
4180.6750
4242.7000
4303.9500
4364.8000
4424.8250
4483.9750
4543.0000
4601.5750
4660.0500
4718.4000
4775.1500
4832.3500
4888.9750
4945.6500
5002.8250
5058.8500
5115.5750
5170.4500
5224.4500
5279.8000
5334.5750
5388.7750
5441.9500
5496.2250
5549.6750
5603.8500
5657.0000
5711.1750
5762.1250
5815.8500
5867.7250
5921.4000
5973.0500
6025.1500
6076.8250
6128.6000
6179.4250
6231.1500
6281.8500
6333.1250
6383.2750
6433.3500
6483.4750
6533.8750
6584.5750
6634.5000
6684.2000
6734.3000
6783.7750
6832.5750
6882.4500
6931.0750
6981.6500
7030.0750
7079.7500
7128.4750
7176.1500
7224.4750
7272.1250
7321.5250
7369.3000
7417.0000
7464.9000
7512.9000
7560.7000
7607.8250
7654.0500
7702.2750
7750.0250
7798.0500
7844.3500
7892.9000
7940.4000
7985.7500
8031.1500
8079.2000
8125.7250
8172.4750
8218.0250
8264.3250
8312.4000
8359.8750
8404.6750
8451.3500
8494.7000
8541.8250
8585.8500
8631.2500
8676.3500
8721.8500
8767.0500
8812.6000
8856.6250
8903.1750
8948.1000
8992.2750
9038.4750
9083.2750
9127.9500
9174.3250
9219.1500
9262.5500
9307.3500
9351.2250
9398.1500
9443.4500
9486.7750
9531.6250
9574.9250
9621.2000
9664.7750
9708.0750
9751.7500
9795.5250
9838.3250
9883.6500
9925.7250
9970.1500
10012.4250
10055.9750
10098.4750
10141.9750
10185.1250
10227.6000
10271.6750
10316.2500
10360.3250
10402.3250
10445.8250
10490.4000
10533.7250
10577.8000
10620.0000
10661.8750
10704.0250
10747.8500
10790.8250
10833.9500
10876.6000
10919.1000
10961.6250
11004.5250
11046.6000
11087.6250
11130.5500
11171.6250
11215.7000
11258.3250
11302.0250
11344.5250
11388.0500
11429.1000
11475.2750
11519.6750
11562.0750
11605.3250
11649.3500
11690.9750
11733.8000
11776.6750
11820.2750
11865.5750
11908.8000
11952.4750
11996.8500
12040.8000
12085.7750
12128.8750
12174.2000
12216.4500
12261.1250
12305.2250
12348.9500
12393.7000
12437.3750
12482.0000
12526.4250
12569.3500
12614.7250
12658.7250
12704.4000
12749.5500
12794.7500
12838.4250
12884.3000
12928.2250
12972.9250
13019.4250
13064.0750
13110.3750
13154.9250
13202.1500
13247.0000
13292.3750
13337.2500
13383.7750
13428.9250
13474.9000
13520.6000
13564.6250
13611.2250
13656.3500
13702.6000
13749.3500
13796.2750
13843.0250
13890.1500
13936.5250
13984.0000
14030.2250
14077.2250
14125.4750
14172.3750
14221.2750
14269.4250
14315.9000
14364.8000
14413.6500
14461.2500
14510.7500
14561.3500
14608.7500
14657.2500
14706.7750
14754.8750
14803.6000
14852.3000
14903.1750
14951.6750
15001.5750
15050.4500
15100.5250
15150.0500
15198.7500
15249.9500
15298.7750
15348.3750
15399.9750
15450.1750
15499.7750
15550.1750
15602.1750
15652.5500
15704.4250
15755.9500
15806.9500
15860.2250
15911.5500
15964.3250
16016.1000
16068.4500
16120.6500
16173.2000
16225.7500
16279.9250
16333.6000
16386.9250
16441.2250
16495.6250
16548.6000
16603.7750
16659.3250
16714.0000
16768.7500
16823.8000
16880.0250
16936.4750
16991.7500
17049.1250
17105.5250
17162.5500
17219.5750
17278.0750
17336.7250
17396.0500
17454.9500
17513.5250
17574.2750
17634.7000
17695.3750
17755.8750
17816.6750
17878.1750
17940.2250
18004.8500
18067.7500
18131.7500
18196.3500
18261.2250
18326.4250
18392.4250
18461.3500
18530.0000
18599.8750
18670.1000
18741.4500
18813.9250
18888.3250
18964.5750
19041.5000
19121.0750
19202.3250
19283.8250
19367.6250
19454.2750
19539.4000
19627.2250
19717.7750
19811.0000
19905.1750
20001.9250
20101.6000
20204.7000
20313.2000
20431.4250
20568.3000

