2085.2250
2265.4750
2423.1750
2563.6000
2694.1750
2811.1250
2919.6500
3016.1500
3105.9250
3189.2000
3266.5500
3341.3000
3415.4750
3488.2000
3559.2000
3629.3750
3699.0250
3767.7000
3836.6500
3904.0750
3970.5000
4035.5250
4100.5000
4164.5250
4227.3000
4289.6500
4351.9500
4413.5000
4473.8750
4533.8250
4594.5000
4653.4750
4712.7000
4770.3750
4828.5250
4886.1750
4942.8250
5000.0750
5056.1500
5112.1750
5168.3500
5224.0000
5280.1250
5335.4250
5391.3250
5445.3250
5499.5500
5554.6250
5608.3750
5663.1000
5715.2500
5767.7000
5821.6500
5874.6250
5926.9500
5979.4250
6031.4500
6084.7250
6136.2250
6187.7750
6239.6500
6291.6250
6343.4750
6394.9250
6446.0000
6497.5750
6547.8000
6598.8000
6647.9500
6699.3000
6749.0500
6799.5000
6849.9000
6898.2500
6948.8000
6996.4500
7047.1750
7095.6750
7144.3500
7193.5750
7242.3500
7291.1750
7339.5250
7388.8750
7438.0750
7485.1500
7533.6750
7581.8250
7629.5000
7677.5000
7724.2750
7772.5500
7820.0000
7867.1500
7914.3500
7961.9500
8010.8250
8057.3750
8105.1250
8153.2750
8198.3000
8246.1000
8291.4750
8338.0500
8384.0250
8430.4750
8476.8500
8522.9000
8568.8500
8615.8000
8662.2750
8708.2250
8753.7000
8799.7750
8844.9000
8891.9000
8938.0250
8983.9250
9028.4500
9074.6500
9119.6250
9164.9250
9210.7250
9258.8750
9303.2250
9346.3500
9393.1000
9436.4250
9481.4750
9527.9500
9572.3500
9615.6500
9660.3250
9703.5000
9748.9750
9793.1250
9836.4750
9880.8250
9923.7250
9968.2500
10012.6250
10056.6000
10097.8750
10142.1750
10185.3000
10230.3000
10272.3000
10314.2250
10357.7500
10402.9250
10446.0500
10490.1750
10531.9000
10576.9750
10617.5250
10660.5750
10702.6250
10745.1750
10791.3750
10834.9250
10876.7250
10919.0750
10959.8000
11002.8000
11047.1000
11087.9250
11132.0250
11172.8750
11217.3500
11260.2000
11302.8250
11344.8000
11389.0250
11432.9000
11477.0500
11519.7750
11563.0250
11607.4500
11650.2250
11694.5000
11736.7500
11779.9000
11823.8750
11866.5250
11911.1500
11955.2000
11999.7500
12044.4750
12087.9750
12132.2500
12177.2500
12219.7750
12266.3000
12311.6750
12355.1000
12400.0500
12445.0750
12489.2500
12534.1000
12578.9250
12624.9250
12667.9250
12712.3250
12759.1750
12806.3000
12851.6750
12896.8250
12942.9000
12986.1250
13031.8500
13078.8500
13124.6250
13170.3750
13216.2000
13262.4500
13307.5500
13355.5000
13401.6250
13448.3500
13494.5000
13541.4500
13587.9750
13634.4750
13680.3500
13726.8000
13772.4250
13819.1750
13866.5500
13913.9750
13959.8500
14008.1500
14055.4750
14102.9000
14151.7250
14199.2000
14246.8250
14295.3750
14342.5000
14390.7000
14440.7000
14489.0500
14537.5500
14586.0750
14634.3000
14683.4250
14733.7750
14782.2000
14832.9500
14882.4500
14931.8500
14981.7000
15030.1750
15079.9750
15129.3750
15179.7750
15230.3750
15280.2250
15332.0500
15382.8250
15434.7750
15484.1750
15535.4500
15586.6500
15639.6750
15692.1250
15745.0000
15796.3250
15848.1500
15901.1500
15953.6500
16006.9500
16059.6250
16113.1250
16167.4250
16221.7250
16275.7500
16329.7750
16383.7250
16439.4000
16493.3500
16550.3000
16605.3750
16661.6000
16716.1500
16773.2000
16828.9500
16885.2500
16943.2750
16999.8750
17057.2000
17115.4250
17172.7750
17231.1500
17292.0250
17351.5500
17410.8000
17470.2500
17531.8000
17593.0750
17653.8500
17715.6500
17777.5000
17841.1250
17904.5500
17967.5250
18032.4750
18097.6250
18162.7750
18229.5000
18296.8500
18365.2750
18434.0000
18504.0500
18575.5250
18647.6750
18721.5750
18795.2750
18872.4750
18950.0500
19029.9750
19111.9250
19194.1250
19278.9250
19365.7000
19454.2750
19543.0500
19635.4250
19728.3500
19823.4750
19921.9250
20023.5250
20128.1250
20238.5250
20356.4250
20485.0250
20664.0500

