2805.5500
2949.1500
3067.8750
3174.4500
3267.0750
3353.5750
3435.7250
3516.1750
3595.1000
3673.0500
3750.6750
3825.9500
3901.4750
3974.6500
4046.3250
4118.4750
4189.0750
4258.7250
4327.7750
4395.6750
4463.7750
4529.6250
4594.2500
4658.2500
4722.7250
4784.7500
4846.5250
4908.4750
4970.2500
5031.0250
5091.4750
5151.0750
5211.1500
5270.3750
5330.3750
5389.2750
5446.4000
5505.0750
5562.5500
5619.8750
5675.9500
5733.0500
5788.1500
5844.2000
5900.7250
5956.3250
6010.9750
6066.2000
6121.5000
6177.1500
6232.3000
6286.3750
6339.7500
6393.0250
6447.3500
6500.4500
6553.9500
6606.6000
6659.5500
6711.2500
6763.6500
6815.7000
6868.2250
6921.0000
6972.8500
7022.8750
7075.4750
7126.2250
7177.6000
7228.3250
7279.1250
7329.8750
7380.6250
7430.3500
7479.6500
7531.7000
7581.1250
7631.6500
7680.3250
7730.5250
7780.9250
7830.5500
7879.2000
7928.3500
7977.9000
8025.2750
8073.3500
8123.0250
8171.8000
8220.7000
8268.9000
8317.9750
8366.5750
8413.6250
8461.2000
8509.0000
8556.1500
8603.0000
8650.9250
8699.5750
8746.9000
8794.7250
8840.4750
8887.7000
8935.7000
8982.3750
9029.2000
9076.2750
9123.7250
9170.8250
9217.1250
9262.8750
9311.0750
9355.2250
9402.4250
9446.8000
9493.6250
9540.2250
9586.3250
9632.3000
9678.3500
9724.8000
9769.8750
9814.6000
9859.2500
9903.4750
9947.9500
9994.3250
10040.0500
10082.7000
10128.1000
10173.0000
10216.4750
10261.9000
10307.0000
10350.4000
10393.2250
10437.2500
10483.6500
10527.3250
10571.2750
10613.4500
10658.7250
10702.2500
10746.8250
10788.9500
10833.3250
10876.3750
10920.6750
10964.1250
11007.5250
11051.7000
11095.9500
11141.0750
11183.5000
11227.5250
11272.6000
11315.4500
11361.2000
11405.0750
11450.5250
11494.7250
11538.1250
11582.5750
11626.4000
11668.8750
11714.5750
11759.0500
11803.8500
11848.6250
11894.1000
11938.4250
11985.1000
12030.0000
12075.5250
12120.2000
12166.5000
12211.6500
12257.8250
12304.4000
12349.8500
12395.6250
12441.6750
12488.1750
12532.8000
12579.3250
12625.8000
12672.3500
12717.8750
12765.6500
12811.5000
12857.5750
12905.1500
12951.9000
12997.7750
13046.9000
13094.0250
13140.9500
13187.9000
13235.9750
13284.4750
13332.5500
13379.8000
13427.1250
13475.5250
13523.6000
13571.6250
13620.5000
13669.9500
13717.6250
13767.3250
13817.5250
13864.7750
13914.1750
13963.6000
14013.2500
14063.2250
14114.2500
14163.4250
14213.3750
14263.5000
14313.8000
14363.6250
14413.9250
14465.4250
14513.5000
14564.2500
14615.3500
14666.6250
14717.5750
14769.5000
14822.3000
14873.2000
14923.7750
14974.4500
15026.7000
15078.2250
15130.9000
15183.7750
15236.4250
15289.5000
15343.4250
15395.8750
15449.0750
15503.8750
15556.5250
15610.8000
15664.7250
15719.1750
15773.4750
15827.3750
15882.9000
15938.3500
15993.9000
16050.6000
16106.4000
16161.9750
16218.2250
16275.7750
16333.0500
16390.0500
16447.8500
16505.4000
16564.1500
16623.0750
16682.5750
16741.5250
16800.7750
16861.4500
16922.5000
16984.1000
17045.6000
17106.9750
17168.4000
17232.2250
17295.4750
17358.8500
17424.6750
17488.5500
17554.2000
17620.9250
17687.1500
17755.4500
17823.6000
17893.1250
17962.5250
18033.5500
18105.9000
18179.1750
18253.1500
18329.1750
18406.9750
18485.3250
18567.7000
18650.3250
18735.9750
18822.4750
18909.9750
19000.3250
19092.7000
19187.5750
19283.9750
19385.3750
19486.9750
19592.6750
19702.0250
19814.7250
19936.8500
20067.7000
20206.8250
20367.8000
20574.4500

