2969.4500
3104.7500
3221.0750
3318.5000
3406.1500
3490.2500
3571.1750
3651.1250
3730.3750
3808.0000
3884.9250
3960.0250
4035.0250
4109.3500
4182.3500
4254.1750
4325.1000
4393.4250
4462.0250
4530.2000
4597.3750
4664.2250
4729.6250
4794.4500
4858.0750
4920.7750
4984.2500
5046.3250
5108.2500
5168.0250
5229.9750
5289.1250
5349.5500
5407.7500
5467.2750
5525.3250
5583.6000
5642.1750
5699.5500
5756.9750
5814.8000
5870.5750
5926.9500
5982.2000
6037.7250
6094.1500
6149.3250
6205.5750
6260.7750
6315.4000
6369.1000
6424.1000
6478.6250
6532.8250
6586.7750
6639.7250
6692.4250
6745.8250
6798.4500
6851.7000
6904.2000
6956.5000
7008.8500
7059.8750
7112.2500
7164.0500
7215.2250
7266.7750
7317.5250
7370.2750
7421.4250
7472.6000
7523.2500
7573.7250
7624.3750
7673.8750
7724.4500
7773.0750
7823.8250
7872.2750
7922.0750
7971.3250
8020.4500
8070.0500
8118.6250
8167.7250
8216.5250
8265.1500
8313.9500
8362.7000
8410.0000
8458.5250
8506.6000
8556.0500
8603.3500
8651.2500
8699.1000
8745.4000
8794.3750
8841.9000
8888.4250
8935.7500
8982.7000
9030.3000
9077.8000
9125.6250
9173.7750
9220.2250
9266.5500
9312.9500
9360.2000
9406.0750
9453.0250
9501.5750
9547.2250
9592.1500
9638.4000
9685.4750
9731.1250
9777.2500
9822.2750
9867.2500
9912.5750
9959.1500
10004.6500
10049.7500
10096.5500
10140.7250
10186.1500
10229.5000
10274.6000
10319.2000
10366.1250
10409.7750
10454.6750
10499.8500
10544.3250
10587.7000
10632.4750
10675.5250
10720.4500
10764.4250
10808.5750
10853.7250
10896.1750
10939.5250
10983.7500
11027.9000
11071.5000
11115.6000
11158.3000
11203.5000
11247.7500
11292.7750
11337.0000
11380.1750
11426.1750
11469.4000
11516.3750
11560.0000
11605.3750
11650.4750
11695.1000
11739.7250
11785.2500
11831.3000
11877.2000
11922.6500
11969.6250
12013.5250
12058.1750
12104.8500
12149.5750
12195.3500
12240.2000
12285.6250
12331.1500
12377.9000
12424.4750
12470.5250
12516.1750
12561.0750
12608.5250
12655.7250
12701.9500
12747.1750
12794.9500
12840.7000
12887.4000
12934.1250
12980.4250
13027.8000
13075.8000
13124.2750
13173.5500
13220.1500
13268.2750
13315.7750
13362.2750
13411.1500
13458.8750
13508.2000
13557.4500
13603.8250
13653.0750
13700.8750
13748.6750
13798.9000
13849.3500
13898.2500
13947.9250
13995.8750
14045.7750
14096.0250
14145.4250
14195.4000
14247.1250
14297.3750
14347.8250
14398.4750
14450.6250
14501.3250
14551.7000
14604.2000
14655.5500
14705.7750
14756.7250
14808.6750
14859.9000
14912.1000
14963.8000
15016.5000
15068.6500
15122.6500
15175.6750
15229.1750
15282.5250
15335.6000
15388.9500
15443.3750
15498.0250
15551.5000
15605.0250
15660.6250
15716.5250
15772.9750
15828.6500
15884.9250
15942.0000
15996.4000
16053.2500
16110.1500
16166.9750
16224.5500
16282.6000
16341.7000
16400.0750
16459.6250
16518.8500
16578.1250
16638.9250
16697.8250
16758.4000
16819.5750
16880.8750
16943.5250
17004.8750
17068.8500
17131.7250
17195.7250
17259.1250
17325.0750
17390.0500
17456.1750
17522.2500
17589.6750
17657.9000
17727.7750
17797.4500
17868.8250
17942.8000
18016.0750
18090.8000
18167.3250
18244.6250
18323.7750
18405.6250
18487.3750
18571.9250
18657.7500
18746.9250
18837.5750
18931.6500
19026.0250
19125.3500
19223.7500
19327.3750
19433.9000
19544.5750
19658.0750
19781.0500
19909.1000
20046.4500
20198.4750
20373.1500
20597.6000

