2597.7000
2753.2250
2890.2750
3010.7750
3116.5500
3213.0250
3299.5250
3380.4750
3459.0750
3536.9000
3613.2750
3687.9250
3761.8500
3835.4250
3907.4500
3977.5750
4049.3750
4119.4500
4188.3000
4256.3750
4323.7000
4390.0250
4454.7250
4519.1500
4583.1250
4646.0750
4708.6000
4770.5500
4831.6500
4893.2500
4953.9500
5013.1500
5071.0500
5130.9750
5189.8250
5247.3750
5305.7000
5363.5500
5421.3000
5478.0500
5535.1000
5590.6000
5647.9500
5703.9250
5759.7500
5815.1750
5870.3750
5925.1000
5979.8250
6033.7250
6088.3750
6141.1500
6195.5750
6249.4750
6302.9250
6356.5250
6408.7000
6461.1750
6514.1500
6566.5000
6618.1000
6670.6500
6721.8250
6773.6000
6823.3750
6874.8750
6926.5750
6976.7000
7028.2500
7078.3500
7129.2750
7179.1250
7230.3500
7280.3750
7329.8750
7379.3250
7428.5250
7478.4500
7527.1000
7576.8250
7627.7500
7676.3750
7725.3500
7774.6000
7823.3250
7872.3750
7919.2750
7968.6750
8017.0750
8065.3750
8114.1750
8161.0750
8209.8000
8257.5750
8305.2000
8351.8750
8400.2750
8447.6750
8495.1000
8542.4750
8590.0750
8638.3500
8684.4500
8731.0500
8779.4000
8826.5250
8874.5000
8920.8250
8967.0750
9014.4000
9059.3250
9105.3250
9152.0000
9197.4750
9242.7750
9289.9750
9335.4250
9382.8250
9428.0750
9473.4000
9518.3000
9564.2000
9610.0000
9655.8750
9700.8500
9746.1250
9791.2000
9836.6000
9882.7500
9926.2250
9969.5750
10015.0000
10059.4250
10104.2750
10149.3000
10193.3750
10237.0000
10282.4000
10325.2250
10368.8750
10414.5750
10459.5750
10504.1250
10547.0500
10592.2250
10635.2000
10677.0750
10720.5500
10764.4500
10807.6000
10849.9750
10895.3250
10939.9750
10982.4500
11025.5000
11069.3750
11113.4250
11156.1750
11200.9750
11244.9500
11288.3250
11331.3000
11375.8250
11420.4500
11463.7250
11507.4000
11551.0000
11596.3250
11640.9250
11685.9750
11729.3250
11773.8250
11818.6750
11862.6250
11908.2250
11953.2000
11997.7000
12043.0000
12087.2500
12134.2000
12179.0250
12225.6250
12269.9000
12316.1500
12360.8500
12406.6250
12452.5750
12498.9750
12544.3750
12590.3250
12636.0500
12683.9500
12728.5500
12775.8000
12822.3250
12869.0500
12915.7750
12960.5000
13007.1000
13053.7500
13101.6750
13148.7000
13197.2500
13242.5750
13290.3000
13336.6250
13385.2250
13432.7750
13479.9750
13529.0000
13576.3500
13625.1500
13672.3750
13720.7000
13768.7000
13817.6250
13867.1250
13916.0250
13965.2500
14013.3250
14061.3000
14109.1250
14158.6500
14208.3500
14257.9500
14307.2250
14356.8250
14405.7500
14455.8250
14505.3750
14556.1000
14606.0250
14656.0750
14707.2000
14755.8250
14807.0500
14856.7250
14907.9750
14958.1500
15009.5000
15061.4250
15111.7500
15162.3500
15214.7000
15267.8500
15320.2250
15374.4750
15425.9750
15478.8500
15530.7000
15583.4250
15638.0750
15691.2000
15745.5000
15800.0500
15854.1000
15907.5500
15962.6000
16017.5500
16073.1500
16127.4500
16184.4000
16240.5750
16296.8750
16352.4500
16408.8750
16466.3000
16524.0750
16581.7500
16640.8000
16698.5500
16756.8750
16815.5750
16875.8500
16935.4750
16995.2250
17056.3750
17117.3000
17178.3500
17239.4000
17301.6750
17364.0750
17427.8000
17491.7250
17555.9250
17620.0500
17685.8000
17752.0250
17817.8250
17885.6250
17953.6250
18023.3250
18094.2250
18164.9750
18237.9250
18311.8000
18387.8250
18463.7000
18541.9000
18621.9250
18702.8750
18784.7750
18870.6000
18955.7750
19044.6000
19132.7750
19224.6000
19318.1000
19414.9250
19515.0500
19616.8750
19720.9500
19829.7000
19943.6000
20061.8250
20187.8750
20325.5250
20490.1250

