5545.8250
5650.8500
5742.1750
5827.8000
5909.4750
5991.3000
6075.7000
6158.4250
6235.8250
6315.1500
6393.3750
6465.6000
6540.5250
6611.5750
6686.3500
6758.6750
6828.0500
6895.9750
6967.4250
7037.5500
7106.4750
7175.0500
7240.4250
7309.4250
7374.8250
7441.6750
7505.2750
7569.4250
7632.4500
7695.4750
7761.9000
7824.6000
7889.5750
7951.6500
8010.8000
8071.1750
8132.4250
8192.5750
8251.4250
8312.1250
8369.2000
8429.0750
8487.0750
8547.1250
8604.0250
8661.5750
8717.4250
8775.6000
8831.1000
8885.8750
8942.8500
8998.0000
9055.5250
9111.7000
9166.5000
9220.2750
9273.9750
9330.0750
9384.1250
9437.6250
9491.3750
9546.6500
9601.5000
9653.4250
9705.6000
9757.9250
9808.7750
9860.8250
9912.1250
9964.0500
10015.2750
10066.6250
10118.7250
10169.8000
10220.9750
10272.5250
10322.4000
10372.4000
10422.1750
10470.3750
10519.7000
10570.2250
10619.0000
10668.2750
10717.8750
10768.4250
10818.4500
10868.0250
10916.0250
10965.8500
11014.1500
11062.4500
11110.5500
11161.2000
11210.1250
11258.5250
11310.4750
11360.9000
11411.1000
11461.0250
11510.2250
11561.2500
11610.3000
11660.4250
11710.8750
11758.8500
11808.3250
11860.4250
11913.0750
11964.3750
12016.5000
12067.5750
12118.4250
12170.5500
12222.8750
12275.5000
12327.6750
12380.6500
12432.0000
12486.3500
12539.2250
12595.1000
12649.2250
12702.8500
12757.6750
12813.2500
12869.4000
12922.7500
12981.5000
13038.7250
13094.2750
13148.7250
13205.2750
13262.3250
13318.4500
13375.7750
13432.9750
13492.0750
13550.6250
13607.5500
13666.8250
13727.3000
13789.3750
13847.8000
13908.9750
13970.3750
14032.9750
14094.4500
14156.9500
14220.8250
14287.8250
14349.6000
14414.8500
14479.4750
14544.5250
14613.2250
14681.8750
14750.4000
14820.0500
14895.1750
14964.6750
15037.7250
15109.4000
15186.3750
15263.9500
15342.7000
15421.8000
15503.2250
15583.7000
15680.0250
15760.5250
15854.5000
15961.2500
16061.1500
16171.9750
16283.0500
16402.9250
16534.8000
16675.0250
16936.1500

