4937.9500
5029.3000
5119.1250
5206.4250
5290.1500
5373.0500
5452.8500
5530.9500
5607.9500
5684.8500
5756.8500
5829.3000
5901.7750
5971.6750
6041.7500
6111.0250
6177.3000
6243.9250
6312.0000
6377.9250
6443.3500
6509.7000
6576.8500
6641.0250
6703.6250
6766.3500
6828.8750
6890.0000
6951.7500
7013.2000
7073.6500
7135.2500
7195.9500
7255.2000
7315.1000
7375.4750
7433.6500
7492.8750
7551.5250
7609.1000
7667.0500
7725.8500
7782.3750
7838.5750
7894.9250
7950.1000
8007.2500
8062.5000
8117.0500
8172.7000
8227.6250
8283.2500
8338.6750
8393.1000
8447.8750
8502.8000
8557.3000
8611.7500
8665.9000
8717.4500
8771.2500
8824.6000
8877.0250
8928.6250
8982.5000
9034.9750
9087.2250
9141.1000
9191.0000
9244.1500
9294.3250
9344.9750
9397.1000
9446.1500
9496.9250
9546.0000
9595.5000
9646.1000
9695.4500
9744.3750
9794.1500
9842.9250
9893.0500
9941.6250
9992.4000
10044.0750
10090.1250
10138.5750
10186.5750
10235.2500
10284.6500
10334.6000
10383.3750
10431.6750
10478.8500
10525.6750
10573.9750
10622.0500
10669.5500
10716.8500
10765.0250
10811.6750
10857.5750
10905.2250
10951.1500
10998.3000
11045.8750
11092.4250
11140.5000
11188.0500
11234.5250
11280.4000
11329.2750
11375.6500
11423.2750
11471.5000
11519.6250
11566.9750
11616.1500
11664.8750
11711.0000
11761.2000
11810.6250
11858.0500
11907.2500
11955.7500
12004.9500
12053.9250
12102.2000
12152.6500
12202.3000
12254.1250
12303.6500
12353.5750
12404.5000
12454.3000
12504.7750
12556.3000
12608.3250
12657.3000
12708.5250
12760.2750
12811.8750
12863.8750
12916.1250
12968.1000
13019.5000
13072.3000
13123.5250
13176.4750
13229.3250
13283.9750
13336.9000
13389.1750
13443.8000
13498.0000
13553.1250
13607.8500
13662.3000
13718.3500
13772.9500
13827.8000
13882.4750
13940.9750
13999.5500
14052.7750
14110.0500
14168.7000
14224.6250
14284.5500
14343.4500
14402.0250
14460.5500
14521.7750
14580.9000
14642.2250
14702.2750
14762.8750
14825.4250
14887.2000
14948.7500
15011.1250
15074.5500
15138.0250
15202.7500
15267.1500
15333.1500
15399.4000
15465.7750
15532.2750
15599.8750
15668.8250
15737.8000
15807.0000
15878.3750
15949.1500
16022.3750
16095.1750
16171.8500
16245.1750
16324.0250
16404.6500
16489.3750
16571.2750
16659.1000
16743.5500
16832.5250
16925.0500
17021.1500
17117.8250
17225.0000
17342.3000
17462.3500
17601.6250
17750.1250
17987.4000
18253.8250

