2257.9750
2430.7250
2585.1500
2719.7250
2843.2750
2956.8750
3056.9250
3149.1250
3232.2750
3311.1500
3387.9250
3463.4750
3538.1250
3611.1250
3683.3250
3753.8750
3824.7000
3893.8000
3961.3000
4029.3000
4095.9500
4161.1000
4225.5250
4289.7750
4352.4250
4416.0250
4477.7250
4539.5750
4600.2500
4661.4250
4721.4250
4780.4000
4838.8250
4898.4750
4955.5500
5012.7250
5070.1750
5126.2500
5182.6500
5239.5000
5296.7000
5352.9000
5409.2250
5463.6750
5518.7500
5573.2750
5627.5750
5683.1750
5738.0500
5792.1750
5845.7750
5899.5750
5952.2000
6006.4250
6059.8000
6112.9500
6166.4750
6219.1250
6271.1250
6324.0750
6375.3250
6427.5500
6478.9500
6529.3000
6580.9750
6632.8750
6683.7250
6735.5250
6785.8250
6836.6250
6886.2250
6936.9250
6986.3500
7037.4500
7087.2750
7138.0250
7186.2750
7234.5000
7284.0000
7332.4500
7382.2250
7432.1250
7480.7000
7529.4250
7576.9250
7626.0250
7675.4000
7722.7000
7771.0250
7818.6000
7867.1500
7913.6250
7962.6000
8009.8750
8056.4000
8104.6500
8152.5250
8199.9500
8246.9000
8293.6500
8340.3250
8387.5000
8432.7250
8478.6750
8525.0250
8570.4500
8616.1500
8662.3750
8709.8000
8755.5250
8801.4000
8845.6000
8892.9000
8939.0500
8984.8500
9030.3000
9074.6250
9120.0500
9165.1250
9210.8500
9256.9000
9303.7000
9346.2750
9391.8500
9438.1500
9484.2500
9529.1750
9574.6500
9617.8500
9664.2500
9709.1750
9754.0250
9797.0000
9843.2500
9884.8500
9929.8750
9975.9250
10021.3250
10065.0000
10105.7500
10152.5250
10196.4750
10240.4500
10284.5500
10328.7250
10372.0750
10415.4250
10456.7000
10500.6750
10546.8500
10589.8250
10634.0250
10676.7500
10719.7250
10764.0750
10805.6500
10849.5000
10892.1250
10934.9750
10976.4250
11021.4000
11066.9500
11108.0250
11151.3250
11194.6250
11236.5000
11280.7250
11322.5750
11366.4500
11409.4750
11452.3500
11496.0000
11540.9500
11583.8750
11626.9250
11670.9750
11714.7750
11760.0000
11800.7750
11844.3500
11888.6250
11931.8000
11978.1500
12022.5750
12067.0250
12112.2750
12156.5500
12203.3250
12248.3500
12291.5750
12339.3250
12381.9500
12428.9750
12474.4500
12520.2750
12564.6500
12610.4750
12655.3250
12702.8000
12746.8250
12792.6000
12838.3750
12883.6000
12928.8000
12975.2000
13023.0000
13068.5500
13114.4500
13159.2750
13206.1250
13252.4000
13298.4000
13346.3250
13393.9250
13442.3500
13487.6750
13534.7750
13583.2500
13630.6750
13677.0250
13724.8000
13770.6000
13820.2000
13868.8000
13916.4500
13964.6500
14013.3750
14060.7750
14108.3750
14157.5500
14204.4000
14251.8000
14301.1250
14349.4500
14398.6250
14447.7500
14496.8500
14545.9750
14594.7500
14644.1250
14694.6500
14744.0750
14794.6250
14843.7250
14893.9000
14943.9250
14995.7250
15044.1500
15095.7500
15145.9500
15197.6500
15247.4250
15299.5250
15349.4750
15401.5500
15453.2500
15502.7000
15555.0500
15606.7250
15659.6250
15712.1250
15765.7250
15817.3250
15871.1000
15924.5750
15976.7250
16030.5000
16084.4000
16138.8500
16193.6000
16247.5750
16303.2000
16358.0250
16413.7750
16469.3500
16525.3000
16582.1000
16637.7750
16694.2250
16751.7750
16807.4500
16864.6000
16922.4250
16980.3000
17038.6750
17097.5500
17155.3500
17215.4750
17275.2250
17335.8750
17397.3000
17457.2250
17519.1250
17582.0250
17643.7750
17706.8500
17770.5000
17835.5250
17899.9500
17966.8000
18032.5500
18099.0750
18165.2750
18233.8500
18302.9000
18372.6000
18443.2500
18515.9750
18589.3250
18664.5000
18741.0000
18818.5250
18896.6500
18977.9500
19061.0000
19145.4250
19231.9500
19319.3000
19409.2500
19500.6500
19593.2250
19690.0250
19789.4750
19889.4250
19993.9000
20103.0500
20215.4750
20339.3500
20480.1500

