4531.7000
4623.6500
4708.8000
4792.9250
4875.7750
4955.4750
5032.7000
5111.9000
5189.1250
5263.1750
5338.2500
5410.8750
5483.6000
5552.8500
5620.2250
5690.0000
5757.8500
5824.8500
5892.4250
5958.5500
6023.8000
6087.9750
6153.1750
6217.0750
6278.8500
6341.8250
6402.4750
6464.8750
6526.8750
6587.3250
6647.6250
6710.0250
6770.5250
6831.0750
6889.3250
6948.6750
7008.0000
7066.8500
7125.4750
7183.7750
7240.8250
7296.1750
7352.8000
7408.9750
7464.6500
7521.0500
7575.7250
7631.4500
7687.3500
7741.9750
7796.4000
7850.8250
7905.2000
7959.2250
8013.2750
8067.6500
8122.7250
8175.9750
8228.1750
8281.5500
8335.3500
8386.1250
8437.5000
8489.2000
8541.7000
8593.8750
8644.6250
8696.8000
8747.4500
8797.6250
8849.7250
8899.5500
8951.0500
9000.8000
9052.1500
9102.1000
9153.2250
9203.0250
9252.0250
9302.7500
9352.7500
9402.4250
9452.4000
9503.2000
9551.8000
9600.3750
9648.5750
9696.7000
9746.1750
9793.0500
9843.2500
9891.4250
9938.3500
9985.2500
10035.1500
10082.5750
10129.0500
10176.3250
10224.3500
10271.9250
10319.1750
10366.1750
10413.4000
10458.7000
10505.9500
10553.4000
10599.9500
10646.4750
10692.5250
10739.3750
10785.6750
10834.0250
10879.3250
10926.8000
10972.9750
11019.1000
11065.0500
11111.8000
11158.4750
11205.0750
11251.0000
11296.7750
11343.9000
11391.0750
11438.0500
11485.4000
11533.0250
11581.0250
11628.3250
11674.5000
11721.9750
11768.7250
11815.9250
11863.6750
11912.2750
11959.1250
12007.3000
12056.5750
12104.9250
12152.6500
12202.0500
12251.3500
12299.7000
12348.9750
12398.2500
12447.5750
12497.7750
12547.0250
12596.7250
12647.3750
12696.8500
12746.0750
12794.7500
12846.5750
12897.6750
12947.0000
12998.1000
13049.2000
13100.8250
13153.3000
13205.4500
13257.3000
13308.5250
13361.2500
13414.0250
13466.7000
13519.5500
13571.7750
13626.0250
13678.9250
13732.2500
13787.3250
13841.1000
13895.1250
13951.0000
14005.2500
14059.4750
14112.6500
14168.2750
14223.4250
14278.5750
14334.4250
14390.9500
14447.1750
14504.1000
14560.7000
14617.2750
14673.1000
14732.2000
14789.9500
14849.3250
14908.5500
14967.1500
15025.3500
15084.4250
15145.2500
15206.0500
15266.7750
15328.5500
15390.0000
15450.0500
15513.1750
15575.5250
15641.3500
15703.8000
15767.7500
15832.5750
15898.0250
15963.7250
16027.7750
16095.0750
16161.6750
16231.0750
16301.8750
16374.1750
16445.4500
16519.9000
16594.2500
16668.8250
16745.9750
16821.7250
16901.0750
16981.4000
17062.8750
17146.5000
17234.1000
17320.8000
17415.4250
17511.2000
17610.9750
17714.0750
17828.8000
17950.3000
18092.0250
18244.1500
18482.5000
18740.3750

