3156.9250
3281.3250
3384.9500
3478.2000
3561.4750
3643.6000
3725.1750
3804.0500
3881.3500
3960.2750
4038.0500
4111.3250
4186.6250
4260.6000
4332.6500
4405.1000
4475.6250
4546.2250
4614.9250
4682.7500
4749.4750
4815.0000
4880.9500
4946.0250
5009.2500
5073.0500
5134.5000
5196.3250
5257.7500
5319.7500
5381.3500
5440.9750
5500.9250
5560.3000
5619.5250
5677.4000
5735.8250
5792.8500
5850.4750
5907.6750
5964.9750
6021.2750
6077.3500
6134.2250
6190.3750
6246.3500
6302.0000
6357.1500
6411.9500
6467.0500
6521.2500
6575.7000
6629.4500
6684.0750
6738.4250
6792.9250
6845.9000
6898.9000
6952.8500
7004.7000
7057.7250
7109.0250
7161.3000
7213.7250
7265.4000
7316.6000
7368.9000
7420.0750
7471.9750
7522.6750
7573.4500
7625.2000
7675.7500
7725.8750
7776.6500
7826.8500
7876.9250
7926.8500
7977.2000
8027.1750
8075.9250
8126.6500
8175.1250
8224.8000
8272.1250
8322.2000
8369.9750
8419.5250
8467.2500
8516.1500
8564.2000
8611.6250
8659.7000
8708.0000
8757.1000
8804.3500
8851.9500
8899.4500
8946.5250
8994.5000
9041.7000
9087.8750
9135.0250
9182.3000
9229.7500
9277.1750
9322.1750
9370.7750
9416.1500
9463.8500
9508.9750
9555.0000
9601.7500
9647.2000
9694.0750
9740.3250
9787.2250
9832.7500
9878.2000
9924.5500
9969.4500
10016.5000
10061.5500
10107.6750
10153.1750
10197.6250
10243.6250
10288.1000
10334.4000
10378.3250
10424.7250
10469.2250
10514.2250
10559.3750
10603.4000
10647.4500
10695.8000
10738.3000
10783.8500
10827.8500
10872.6000
10915.8750
10960.3750
11005.3500
11048.9750
11093.3000
11138.2000
11183.5750
11228.5750
11274.0750
11318.4750
11362.7250
11407.2750
11451.9500
11494.9750
11541.3000
11587.9250
11632.0000
11677.0000
11722.5000
11768.0750
11813.6250
11859.3250
11904.0000
11949.4750
11994.5750
12040.1500
12085.1500
12132.6250
12177.8000
12224.7750
12271.3250
12316.6750
12363.4000
12410.9000
12457.7250
12504.2250
12551.9750
12599.1250
12645.4750
12692.2000
12739.9750
12787.9500
12834.3500
12881.3000
12927.7000
12976.3250
13024.2250
13073.5250
13121.0250
13168.3500
13217.0500
13263.9750
13312.1000
13361.3000
13409.3750
13457.5500
13506.0250
13556.9250
13604.6500
13653.9500
13702.8500
13753.0000
13801.1750
13850.6000
13900.7750
13950.1750
14000.9500
14050.9500
14100.9500
14150.7750
14200.9250
14251.6750
14302.7000
14353.2250
14404.5750
14456.2250
14508.1000
14559.5750
14612.7750
14664.1750
14716.5500
14768.1000
14820.2000
14872.6000
14926.2500
14978.4500
15033.2000
15085.4750
15139.9000
15194.0750
15247.9000
15302.9000
15356.4500
15411.4250
15465.7250
15521.2500
15576.5500
15632.7000
15687.9750
15744.3750
15799.8000
15857.7750
15914.0000
15970.8000
16029.2500
16085.3250
16143.2750
16200.5000
16259.4000
16317.9500
16377.6000
16435.9750
16497.6000
16558.5000
16619.9000
16682.3750
16742.9250
16805.2250
16868.4000
16932.0750
16994.8000
17058.7000
17123.5250
17188.7000
17255.0500
17321.6750
17387.5000
17454.7000
17522.9750
17593.6750
17663.1750
17734.5250
17807.2000
17881.1750
17955.6750
18031.6500
18108.6000
18187.7000
18269.7000
18353.2250
18438.5750
18524.8500
18613.8500
18704.6250
18798.7250
18895.7500
18994.3000
19095.1500
19201.0750
19310.6250
19425.9500
19542.7000
19669.9000
19804.2500
19947.5000
20106.2750
20297.9250
20534.7500
21738.1000

