5153.2500
5243.6750
5330.2750
5416.5750
5500.2000
5583.5000
5662.6750
5739.1250
5816.0250
5892.2250
5966.5250
6038.0000
6111.5000
6183.1250
6252.6250
6321.9500
6390.3000
6456.9000
6524.2750
6589.3750
6655.0500
6721.0500
6786.9500
6854.6750
6919.4250
6981.7000
7043.9000
7107.4250
7169.9750
7229.7750
7290.5250
7352.7250
7413.2750
7475.7500
7534.1750
7592.9750
7653.2250
7710.5750
7770.3000
7827.4750
7884.5250
7941.0250
7998.8750
8056.4000
8112.2000
8168.7000
8223.8750
8280.7250
8337.4750
8390.5000
8446.6250
8499.7750
8554.2500
8609.5000
8663.7750
8719.4250
8773.4750
8827.1750
8880.3500
8933.4250
8986.5000
9041.3000
9093.7750
9146.8750
9198.1000
9250.5750
9304.0750
9357.2000
9410.0250
9461.8500
9511.9750
9564.1250
9615.9000
9667.1500
9719.4250
9768.7250
9818.6250
9867.3000
9918.7000
9967.5000
10017.8250
10068.3250
10120.1250
10169.0750
10218.5250
10267.4000
10316.4500
10365.5250
10413.5750
10462.3500
10510.2750
10558.5500
10606.1750
10655.0250
10704.0750
10752.6750
10799.7750
10848.1500
10896.3250
10945.1000
10992.2500
11038.4250
11087.3250
11136.2250
11181.6250
11229.2750
11277.7500
11325.6250
11375.1000
11423.3250
11472.3250
11522.0250
11571.5000
11620.6000
11668.5250
11717.9250
11765.9500
11816.0000
11865.4000
11916.2500
11967.4250
12016.5750
12066.4750
12117.3000
12167.1000
12216.8000
12267.4250
12317.9750
12368.6500
12421.5000
12472.9750
12524.8750
12576.6000
12629.6750
12680.4250
12732.0750
12785.0250
12835.6750
12888.3250
12941.8250
12997.0000
13050.4000
13105.4250
13158.2500
13211.8000
13266.6000
13321.1250
13377.3000
13433.2500
13488.0000
13543.3750
13599.2500
13656.4750
13713.6250
13770.1750
13827.7500
13886.3000
13942.2500
14000.7000
14058.8250
14117.7000
14174.4500
14235.9500
14294.5250
14353.7750
14414.6000
14476.7750
14536.8000
14598.1500
14659.3000
14724.3750
14784.9500
14848.8000
14912.6250
14974.5250
15040.3250
15104.0500
15170.1500
15237.1250
15305.4500
15374.6500
15446.2250
15513.5000
15584.9250
15655.6500
15731.1000
15805.9250
15885.0000
15957.9750
16035.3500
16115.1750
16194.0500
16277.0500
16366.4500
16451.1250
16540.5000
16631.7500
16727.1000
16824.2000
16933.0000
17045.2750
17158.6000
17295.8500
17476.6500
17657.7000
18067.6000

