3944.3000
4041.1250
4129.6250
4212.9500
4295.0750
4378.4000
4458.3500
4537.6000
4616.9250
4692.7250
4767.8500
4842.1000
4914.9750
4985.9500
5056.2000
5125.8750
5195.2500
5263.7500
5330.4750
5396.4750
5459.7750
5524.8500
5589.0750
5653.5250
5716.5250
5779.2250
5841.2250
5903.0750
5964.0000
6025.6250
6087.5000
6146.8500
6204.6000
6264.3000
6322.8000
6381.2250
6439.9500
6498.0250
6555.5750
6612.9500
6670.6250
6725.8000
6783.9250
6841.1250
6897.2000
6953.6000
7008.5000
7061.9750
7118.8500
7173.5000
7228.2500
7281.5250
7337.5750
7390.8750
7444.7000
7497.5750
7551.6500
7605.9500
7658.9250
7711.1250
7763.9500
7814.7000
7868.6750
7919.2500
7972.2250
8023.0000
8074.6750
8125.5500
8176.0000
8226.7500
8277.2000
8328.1500
8379.3250
8430.9000
8481.3250
8532.1750
8582.6750
8633.2750
8683.5000
8733.2250
8783.2250
8833.0500
8883.2500
8931.5500
8980.3500
9029.2750
9077.6500
9126.6000
9174.2750
9222.9250
9270.4750
9318.6250
9367.2250
9416.7750
9464.4500
9511.3750
9559.0750
9608.4250
9655.5500
9704.1750
9750.7500
9798.1250
9846.0250
9892.2750
9938.7750
9986.4500
10033.4000
10080.7500
10127.1250
10173.7750
10220.3250
10265.8000
10312.5500
10357.0500
10403.4500
10452.3750
10497.2250
10545.0250
10589.8500
10636.4250
10682.5500
10729.1250
10773.6000
10819.7000
10864.4000
10910.8750
10955.5500
11000.1250
11044.9500
11090.5250
11136.1000
11181.3500
11227.2250
11272.5500
11318.4500
11363.8500
11410.7000
11456.7500
11504.6750
11548.9500
11596.3000
11642.5250
11689.0000
11736.6000
11782.6500
11828.2500
11875.2750
11921.4750
11968.9500
12018.1750
12062.9250
12112.1500
12160.0750
12207.1000
12254.5000
12302.5500
12350.1750
12398.2000
12445.0750
12493.3250
12542.5250
12589.8250
12638.9500
12686.0750
12734.9250
12784.1500
12832.7250
12881.6250
12929.8500
12979.6250
13029.3750
13078.5000
13127.7250
13176.7750
13226.2250
13276.0500
13326.6750
13376.5750
13426.9250
13476.1250
13527.5250
13577.1250
13628.6250
13680.1250
13731.4750
13782.0500
13834.0250
13884.5750
13938.6000
13989.1500
14042.3000
14094.6250
14145.9750
14199.5750
14252.0000
14305.7250
14359.7750
14412.6000
14466.6250
14520.1000
14573.4500
14627.8000
14682.5250
14737.6250
14793.4000
14849.0500
14904.5000
14961.5750
15018.8500
15075.3750
15130.9000
15188.0250
15243.6500
15301.0250
15357.6250
15415.5750
15473.9500
15532.7000
15591.6250
15651.0750
15711.2750
15770.7500
15833.0250
15892.8000
15952.9000
16014.5000
16077.9750
16140.0250
16202.5500
16266.4250
16330.7500
16396.3000
16461.3750
16525.5250
16592.7000
16658.3750
16725.6250
16792.4250
16863.0250
16932.6000
17002.3000
17073.6000
17146.4000
17219.5250
17292.5250
17368.1250
17446.4000
17524.2500
17605.6500
17689.9750
17772.7250
17860.9500
17953.7750
18045.7250
18144.0750
18243.1500
18350.1250
18461.6250
18575.8250
18699.7750
18836.8500
18988.9000
19171.4750
19402.4000

