2418.5500
2590.7750
2734.9750
2862.1750
2978.1500
3081.0500
3174.7500
3260.9000
3341.5750
3418.7250
3495.0750
3569.9000
3644.6750
3716.9250
3788.8500
3861.0000
3929.9500
4000.7750
4068.8750
4137.1000
4204.5500
4270.2750
4335.6500
4399.8500
4464.1250
4526.6250
4588.8750
4651.1750
4712.1750
4773.9500
4833.3750
4892.6500
4952.0750
5011.2250
5068.7250
5128.0000
5184.8750
5243.1000
5300.0750
5357.2250
5414.5500
5470.7250
5526.2250
5581.6000
5637.0250
5693.4750
5748.5750
5802.9000
5857.9000
5912.3500
5967.2500
6021.4750
6074.5000
6128.1750
6180.2250
6233.3250
6286.0750
6338.4250
6390.7000
6443.5500
6494.7500
6546.2000
6598.2000
6649.9500
6701.5500
6752.6000
6803.3750
6854.5000
6906.1750
6955.7250
7006.2000
7056.8000
7107.8000
7157.8500
7208.6750
7257.4250
7307.8500
7356.6750
7406.7250
7456.8250
7505.6000
7553.9500
7602.0250
7651.7000
7700.2000
7747.3000
7796.4750
7844.5500
7893.7250
7942.1000
7990.8750
8040.7000
8088.2000
8135.4500
8183.3250
8230.6000
8277.4500
8325.9000
8371.3250
8419.6750
8465.9250
8513.1500
8558.9750
8606.4000
8651.4250
8699.2000
8746.0000
8791.9250
8838.9500
8884.8000
8931.4750
8977.3500
9024.1250
9071.3000
9117.3000
9162.5500
9207.8500
9252.7250
9298.0000
9343.2500
9389.7250
9434.2000
9477.2000
9523.7500
9567.0750
9613.7000
9657.5000
9702.2250
9748.3000
9792.9750
9837.5500
9879.9750
9926.7250
9971.0000
10014.5500
10059.8750
10104.2500
10147.7250
10193.0750
10236.6250
10280.4000
10324.8000
10367.9250
10409.9500
10453.9750
10498.9250
10541.4250
10585.7250
10629.3250
10673.1250
10717.1000
10760.6750
10802.2000
10846.6750
10889.1500
10934.2000
10977.4250
11020.8250
11063.0750
11108.2500
11149.1500
11193.5500
11236.4250
11280.5250
11325.9750
11369.1000
11413.6750
11457.8000
11501.8750
11544.7000
11589.7500
11634.0750
11678.1750
11721.4250
11765.3750
11810.8750
11855.8750
11900.3250
11944.9250
11989.0500
12033.8000
12076.4250
12121.6250
12167.1000
12211.1500
12257.0750
12302.7250
12348.4000
12393.0500
12437.9250
12482.0750
12527.0250
12571.5750
12617.4000
12663.5750
12709.7000
12755.8250
12801.2750
12846.5000
12893.9500
12938.4750
12984.4500
13031.1750
13076.7000
13121.6750
13169.8500
13217.1500
13263.7250
13311.0250
13357.3500
13403.7250
13453.1750
13499.7500
13547.7000
13595.4750
13644.3500
13692.6750
13739.7250
13787.5750
13835.5750
13883.0750
13930.4250
13978.6250
14027.5250
14076.0000
14124.3750
14172.2750
14221.4250
14270.5750
14319.1250
14369.2250
14417.6250
14467.1500
14518.3250
14567.7000
14617.4250
14668.6750
14717.8250
14767.8750
14818.8750
14868.2750
14918.7500
14970.7250
15019.3500
15069.9750
15120.9500
15172.4250
15223.2500
15276.4750
15328.4000
15379.8250
15431.5250
15483.5250
15535.8250
15590.1750
15640.8250
15695.4500
15747.9250
15800.7500
15854.9250
15909.0500
15962.3750
16017.0000
16071.1250
16127.0750
16181.8000
16235.7500
16291.9750
16347.8500
16404.4500
16460.5000
16515.9750
16573.4500
16630.1000
16687.7750
16746.9750
16806.1250
16863.8250
16924.0000
16982.7250
17041.6000
17102.3500
17162.3500
17223.3250
17284.5750
17345.3000
17407.2250
17470.1250
17532.5000
17594.8750
17659.8000
17724.1250
17788.5750
17855.8500
17921.6500
17989.3500
18057.1500
18126.1000
18195.1500
18266.1750
18337.4500
18410.8250
18484.9750
18559.5250
18636.4000
18714.9000
18794.5000
18876.5750
18959.5250
19045.7000
19132.7750
19221.8250
19312.8500
19405.4250
19499.0750
19595.9000
19694.9750
19797.7750
19903.4250
20012.9750
20129.9750
20253.7750
20392.0250
20575.2750

