5363.3500
5456.5000
5547.2000
5633.9500
5719.0500
5795.8500
5878.1250
5953.9250
6030.3000
6104.5500
6180.1500
6254.1000
6324.0500
6394.9500
6466.4000
6536.6750
6604.2500
6673.2250
6740.1250
6809.3750
6877.1250
6943.0000
7007.2250
7071.9750
7136.3250
7198.6500
7263.0000
7325.4000
7386.1500
7449.3750
7511.3750
7573.7500
7636.1500
7695.6500
7755.7500
7816.0000
7875.8000
7932.6500
7993.4250
8052.2250
8109.8000
8167.1250
8224.8000
8283.3000
8339.0000
8395.9750
8452.6000
8510.5750
8567.2250
8622.1250
8679.2250
8736.0000
8790.9500
8844.2250
8898.2250
8951.1500
9007.5000
9060.5250
9113.8750
9167.4750
9221.4250
9274.6250
9327.1750
9377.4000
9429.3500
9481.9500
9535.3500
9587.5250
9639.3750
9690.9750
9743.6250
9798.1250
9847.9000
9898.9250
9949.7750
10001.3000
10053.0000
10104.2500
10153.8250
10203.9250
10253.7750
10303.3000
10352.2500
10400.8000
10451.3500
10500.8500
10550.9250
10599.0250
10647.0250
10694.8000
10743.3500
10793.9000
10840.6500
10889.4500
10938.0000
10986.7000
11036.2250
11082.9750
11132.6250
11180.8250
11230.1250
11277.7750
11325.4000
11375.4750
11424.9750
11473.6000
11521.9250
11571.8750
11622.3000
11671.9250
11723.0250
11770.4000
11821.0250
11869.9250
11921.4500
11972.2250
12024.4750
12074.7250
12125.0250
12175.5000
12227.7500
12280.1250
12329.1750
12382.4500
12434.8250
12486.2000
12537.7750
12592.0000
12645.0000
12698.6000
12751.4000
12807.2250
12859.9000
12913.9000
12969.6750
13023.6750
13078.1500
13132.9250
13188.5000
13244.3750
13299.7000
13358.2000
13412.5500
13469.6750
13524.8500
13581.9750
13641.3250
13698.9000
13756.7250
13815.3500
13873.4750
13933.7000
13992.7250
14050.6500
14111.1250
14172.8000
14235.0250
14297.6250
14359.0250
14419.4750
14482.4750
14546.1500
14609.7750
14673.2750
14736.0250
14802.4750
14868.1250
14937.2000
15006.0750
15077.2250
15148.4750
15217.8500
15288.6750
15358.6500
15433.2250
15511.3500
15586.9750
15663.8750
15743.4750
15821.6750
15903.1500
15986.5250
16072.8000
16158.7000
16246.2000
16334.7500
16443.7250
16539.8750
16665.1000
16785.1000
16943.8000
17131.9250
17298.7750

