4326.8000
4424.4750
4510.1250
4594.4500
4678.4250
4760.6500
4838.7500
4920.1250
4997.6250
5073.0000
5147.7000
5219.8250
5291.0250
5362.4750
5432.1500
5501.0250
5570.0750
5636.5500
5704.3000
5769.1750
5833.7500
5898.5000
5962.9500
6026.7250
6090.8500
6153.8000
6216.3250
6278.3000
6339.4500
6400.7750
6460.2000
6520.9000
6581.4250
6639.6250
6699.0000
6757.7250
6815.8000
6872.5250
6931.4500
6988.5000
7047.4750
7105.1250
7160.8250
7218.2500
7275.9000
7330.2500
7386.4000
7441.7000
7496.5750
7551.3250
7605.7000
7658.9750
7713.7000
7766.9250
7821.1000
7875.4750
7928.1250
7982.8000
8035.5500
8088.8000
8142.2000
8193.2250
8247.3500
8299.6750
8350.6250
8402.9000
8453.3750
8505.0000
8557.3000
8607.8000
8659.6250
8710.2000
8761.1250
8810.4250
8861.0250
8910.6000
8960.9000
9011.5000
9061.1000
9111.4000
9160.1500
9208.8250
9259.6000
9307.7750
9357.0750
9405.3500
9454.8000
9504.3500
9552.2500
9600.2000
9648.6000
9697.0750
9744.8250
9794.7250
9844.8000
9891.3500
9938.9500
9988.3500
10036.7250
10084.3500
10130.2750
10178.4000
10225.8000
10272.4000
10319.0250
10368.2750
10415.5500
10461.9750
10508.8500
10555.6750
10602.4000
10646.9250
10693.9750
10739.1250
10784.3750
10830.7250
10877.2250
10924.4250
10971.1000
11017.3500
11062.5000
11108.9750
11154.5000
11200.5250
11247.0000
11292.6500
11338.3250
11383.9500
11431.7000
11478.1250
11524.4750
11569.6500
11618.0500
11665.5000
11712.8250
11759.8000
11807.2500
11854.6250
11901.4000
11950.3750
11997.5500
12046.1500
12092.9750
12139.9750
12188.7250
12237.5000
12286.2750
12334.6750
12382.9000
12432.4500
12482.8500
12531.7000
12579.5750
12628.4000
12677.6500
12727.3250
12778.4750
12826.4500
12876.5500
12927.0750
12976.0000
13026.1000
13076.6500
13128.2500
13179.7250
13231.2250
13283.2500
13334.8750
13386.1500
13437.2000
13489.4250
13541.3000
13592.5750
13644.5500
13696.4500
13751.8750
13803.6000
13856.7500
13910.4250
13962.7500
14018.1500
14070.6250
14125.5500
14179.1750
14233.2250
14287.8250
14343.5750
14398.1750
14453.2500
14508.6000
14564.8750
14621.4750
14677.7500
14733.4000
14790.0750
14846.8000
14905.6750
14962.0750
15020.9000
15079.2000
15137.3750
15197.6250
15256.7750
15317.5000
15377.8750
15437.7250
15499.6500
15560.9750
15623.2750
15685.2500
15747.4500
15809.0750
15874.3000
15936.9750
16000.7500
16066.7000
16133.4000
16198.2500
16265.0500
16333.2750
16400.2250
16469.3750
16538.2750
16610.1750
16682.9500
16754.7250
16828.8000
16903.5250
16978.8500
17056.9500
17136.4250
17216.5750
17298.5250
17381.5500
17466.9000
17558.2500
17650.8750
17746.5000
17843.3000
17948.3500
18068.0250
18195.2000
18326.6250
18486.0750
18712.6750
19007.7750

