3758.2250
3860.2750
3950.0250
4035.1500
4115.9250
4197.5500
4277.6000
4355.8750
4432.8750
4509.8500
4584.2750
4658.6750
4731.4750
4802.8750
4874.4750
4945.2500
5015.1500
5081.8000
5150.5750
5217.0250
5281.6000
5346.8500
5411.4750
5476.4250
5539.5500
5602.2500
5665.0500
5725.3750
5786.3250
5848.6000
5907.6750
5966.5500
6025.8750
6085.3000
6145.2750
6204.5500
6262.7000
6321.5500
6379.4750
6437.1500
6493.7500
6550.3500
6606.7500
6663.6250
6719.5000
6774.9000
6830.6250
6885.6000
6941.2250
6996.6000
7051.0500
7105.2000
7159.8250
7213.4250
7266.8750
7319.5750
7373.4500
7428.1250
7480.8000
7534.1000
7586.8500
7639.6000
7691.8750
7744.3500
7795.0250
7847.6000
7898.8750
7950.7750
8001.5500
8054.7000
8104.7250
8156.0000
8206.1000
8256.1750
8306.0000
8356.0250
8405.0250
8455.8000
8505.1750
8555.1500
8603.9500
8653.2000
8702.0250
8751.2000
8799.5750
8847.7500
8895.7250
8944.7000
8992.1250
9039.3000
9088.0750
9137.1750
9184.5750
9233.7250
9283.4500
9330.5750
9378.2250
9426.0250
9473.6750
9520.6500
9569.8750
9615.9750
9663.3500
9711.8250
9758.5000
9805.3000
9851.8250
9898.8000
9944.8000
9991.1250
10038.0000
10084.3500
10129.8500
10175.9750
10223.2750
10268.0000
10314.3750
10360.2500
10406.5250
10452.7250
10498.3250
10543.3500
10589.0750
10633.9750
10681.1500
10726.8000
10770.1500
10816.1750
10860.5750
10906.7750
10950.6750
10995.5750
11041.0250
11087.6250
11132.1000
11178.6750
11223.1000
11269.7000
11314.8250
11360.6500
11406.8500
11452.1500
11499.0250
11544.7500
11589.8750
11634.8000
11680.7750
11727.5250
11773.8750
11820.6250
11866.5750
11912.2500
11959.7250
12007.6250
12054.5750
12101.3750
12148.2750
12194.9000
12243.1250
12290.7500
12338.7500
12386.2750
12433.1500
12481.8250
12528.3750
12576.2750
12625.4000
12674.3000
12722.4000
12771.5000
12820.4250
12867.9000
12916.7000
12965.7000
13014.2000
13064.4750
13111.4250
13159.8500
13210.5000
13259.9000
13308.8250
13357.2750
13407.3750
13457.7000
13509.3500
13559.9500
13610.8000
13661.0500
13710.7250
13762.3500
13811.9000
13863.7250
13916.7000
13967.8250
14019.9500
14072.0750
14124.0000
14175.1000
14227.9500
14279.8250
14331.9250
14384.8250
14438.2750
14490.8250
14544.3750
14597.7000
14652.5750
14705.6000
14759.3500
14813.3000
14868.5500
14923.7750
14979.1500
15034.3500
15089.4250
15145.3500
15200.3750
15257.4000
15313.8250
15370.0750
15428.1250
15484.3500
15542.2000
15600.0250
15657.3250
15716.4750
15775.7000
15835.4500
15893.5000
15953.8250
16014.7250
16075.0250
16136.9250
16198.1000
16260.1500
16322.3000
16386.1000
16449.4250
16512.8750
16576.9500
16642.5000
16708.1750
16773.1750
16840.3750
16907.7750
16975.0750
17044.4000
17112.4250
17181.6250
17254.2750
17327.5500
17402.5500
17477.4750
17551.8750
17629.0000
17707.4000
17788.2750
17870.6000
17955.0000
18043.5500
18131.7500
18225.8000
18321.8000
18420.5750
18526.1250
18634.5500
18746.9250
18864.6750
18996.6250
19135.0250
19290.4750
19473.6250
19727.6500

