3543.1500
3652.4750
3744.0750
3829.6250
3911.6250
3994.0000
4078.3000
4156.9000
4234.9750
4313.3500
4390.2000
4466.2500
4541.3500
4613.5000
4684.2500
4755.4500
4825.6000
4894.5750
4962.2750
5030.0750
5095.7750
5162.3250
5226.2000
5290.9250
5355.1750
5417.8500
5479.4500
5541.6000
5602.8000
5663.7000
5724.8250
5785.3500
5845.9750
5905.5500
5964.0750
6022.6750
6080.2750
6138.6250
6196.8250
6253.7250
6311.3750
6368.2250
6424.5750
6480.8500
6537.6250
6592.3000
6647.9250
6702.7500
6758.5000
6811.9250
6866.8000
6921.1500
6976.0250
7029.9500
7084.0500
7137.8500
7191.2000
7244.5750
7297.2500
7349.2500
7401.1000
7455.1750
7506.1750
7559.2500
7611.6750
7663.7500
7715.8500
7766.3000
7817.8750
7868.5250
7921.1000
7972.0750
8023.0250
8073.2250
8122.2250
8172.7750
8223.5250
8273.6000
8323.2750
8373.1500
8422.1000
8470.9000
8521.5750
8570.7500
8620.0750
8669.0750
8717.8250
8765.5500
8814.8750
8863.5000
8911.4750
8960.5750
9007.6750
9055.7250
9102.9000
9152.0500
9199.6000
9247.0000
9292.5000
9340.7500
9388.9750
9437.4000
9483.7250
9531.3500
9577.6000
9624.6750
9671.1250
9718.4750
9765.1250
9811.3000
9859.4750
9905.3750
9952.5000
9998.1500
10045.3000
10091.3500
10137.4500
10182.0000
10228.3000
10273.4000
10319.5750
10364.3500
10408.7250
10455.0000
10500.5750
10546.2750
10591.2750
10635.9000
10680.7750
10724.6500
10770.4000
10813.0500
10858.4250
10904.0000
10948.5500
10991.6500
11036.9250
11082.0500
11126.1500
11171.9250
11216.4500
11261.4750
11306.5500
11350.5250
11395.9500
11442.1250
11487.7000
11533.2000
11580.4250
11626.0000
11672.9000
11718.5500
11763.4500
11810.5000
11856.1000
11903.4000
11948.4500
11994.9500
12040.4250
12088.5000
12134.4500
12180.9500
12228.5250
12274.6000
12321.8750
12367.9250
12415.0000
12462.1750
12509.2250
12556.0250
12604.9250
12652.3000
12700.2000
12748.8000
12795.8000
12844.3750
12893.1000
12940.5250
12988.0500
13037.1750
13085.7000
13134.1500
13183.3250
13232.1000
13281.4500
13329.4750
13378.5250
13427.4250
13478.5250
13528.5250
13579.8250
13628.7000
13678.8750
13729.9250
13780.0250
13830.3250
13881.0250
13933.0000
13985.3000
14035.3250
14086.2000
14138.8250
14190.3500
14241.3250
14292.0750
14344.5250
14397.0000
14450.0750
14502.2000
14553.7750
14607.5000
14661.0500
14713.9750
14766.9250
14820.8750
14875.2000
14928.8500
14983.4250
15037.1500
15093.6000
15147.2750
15203.3750
15257.1500
15313.1250
15369.5750
15426.5250
15483.1250
15539.4750
15596.6250
15654.5250
15713.2000
15769.3250
15826.1750
15886.0000
15944.7750
16003.9250
16063.7250
16124.1500
16183.9250
16243.8500
16304.8250
16366.2500
16427.6250
16488.4500
16551.9250
16613.9500
16678.2250
16743.0250
16806.5500
16871.7500
16937.3750
17004.1250
17070.3250
17139.0500
17207.5000
17277.8500
17347.5500
17418.7000
17489.8000
17562.9250
17637.1500
17714.1750
17791.1000
17870.5250
17948.9000
18031.0750
18116.9000
18205.7500
18293.6250
18387.4750
18481.3250
18579.2750
18681.3250
18787.1500
18899.0250
19014.2250
19136.4250
19266.5750
19404.2500
19559.9000
19741.0250
19958.9500

