3352.2500
3467.2250
3564.3500
3651.2250
3734.7750
3817.1250
3898.3500
3977.0500
4056.8000
4134.8250
4211.1000
4286.9500
4362.3250
4435.7750
4507.9250
4580.0250
4648.8250
4718.2500
4786.5250
4854.2250
4920.6750
4985.9750
5050.3000
5115.0250
5177.0500
5239.8500
5302.4250
5364.6250
5426.6500
5488.1250
5548.7250
5609.8250
5669.4500
5728.3500
5787.9000
5846.3750
5904.3500
5963.0500
6020.0750
6078.3000
6135.4500
6191.6750
6249.4250
6304.6250
6361.8000
6416.6750
6472.7000
6527.3500
6582.9000
6637.3500
6692.5000
6746.3250
6801.8750
6853.9750
6907.1750
6960.4500
7015.0000
7066.6250
7119.5750
7172.0500
7224.9750
7278.4000
7330.1250
7381.9750
7434.8750
7485.4500
7536.6500
7588.8500
7638.5000
7689.7000
7739.9500
7791.1500
7842.0000
7892.2500
7942.0250
7992.8250
8043.9500
8094.6250
8143.9500
8194.1000
8242.1500
8293.8000
8342.3750
8390.9250
8440.0000
8490.9250
8539.8000
8589.6250
8639.0000
8687.8500
8736.1500
8784.5500
8830.3750
8878.9000
8926.7750
8973.7250
9022.8500
9070.9500
9118.0500
9166.1500
9214.1750
9262.2750
9308.4250
9355.7750
9401.3750
9448.9000
9495.1000
9541.6500
9587.7750
9633.3250
9680.9000
9726.6750
9773.6000
9820.4750
9866.1750
9911.9250
9957.9750
10005.1750
10049.7250
10094.5500
10139.4250
10184.6750
10229.0750
10275.5250
10322.1250
10366.8750
10411.6500
10456.3000
10500.1000
10547.3250
10591.0000
10636.0000
10680.8250
10726.0750
10769.7250
10813.7250
10859.0250
10902.7250
10949.5750
10993.7500
11039.2250
11082.4500
11128.3500
11172.1750
11217.2750
11262.9500
11306.4000
11351.3750
11397.6500
11441.1000
11486.4250
11532.1250
11576.8500
11624.1750
11668.8250
11713.3750
11758.5000
11805.2750
11849.5500
11896.5750
11942.6500
11987.3500
12034.7250
12082.1250
12127.9500
12174.6250
12221.4250
12269.7000
12316.4250
12362.4000
12410.4500
12456.5000
12503.5000
12550.6250
12597.9000
12645.0000
12691.0750
12738.2500
12786.4750
12833.1000
12881.0750
12928.5750
12978.1750
13026.7750
13073.6500
13122.0250
13170.7000
13219.0500
13267.2000
13315.4500
13363.9500
13412.8750
13463.0750
13511.6250
13561.3750
13610.7500
13659.4250
13708.7750
13758.4000
13809.0000
13859.7250
13909.0250
13959.6500
14010.4750
14059.9750
14110.8000
14162.0000
14213.2500
14263.4500
14315.0750
14367.5500
14418.5000
14471.3750
14523.3000
14574.6250
14626.8250
14680.5250
14732.8500
14786.1250
14840.4500
14893.1750
14947.6250
14999.8500
15053.8500
15109.5250
15163.5500
15217.5750
15271.3750
15327.0000
15380.7750
15437.3250
15492.4500
15548.2000
15605.2250
15661.2250
15718.4750
15775.0000
15832.5000
15889.4250
15947.6500
16007.0500
16065.1000
16122.2250
16183.4750
16241.6750
16299.7500
16360.9750
16421.3750
16481.9750
16543.3500
16606.2250
16668.2000
16730.0250
16793.6000
16857.8750
16922.7000
16987.4750
17052.8000
17118.9750
17185.7000
17251.8750
17319.8750
17390.3500
17458.6000
17529.8500
17601.2250
17674.4500
17747.9250
17823.4250
17899.6750
17977.9250
18057.0750
18139.2750
18220.2250
18306.6750
18395.8750
18485.1000
18576.1750
18672.3250
18770.2250
18870.3500
18976.5250
19083.1000
19196.6250
19314.2000
19438.4250
19577.9500
19718.6750
19876.0500
20070.9500
20306.1000

